selection file, result

1

[800, 858.7969446942478, 800, 900]
[787.9132153149569, 900.0, 800, 900]
[801.9653322746656, 900.0, 800, 887.1560483078707]
[801.9653322746656, 900.0, 814.4509732403651, 900.0]
[801.9653322746656, 900.0, 811.6640857372848, 896.6549330018006]
[801.9653322746656, 900.0, 810.9884868301998, 894.0035473589246]
[801.9653322746656, 900.0, 810.6213019995257, 906.6131577133733]
[801.9653322746656, 900.0, 804.2270439380494, 909.2852350912808]
[800.2184322162851, 900.0, 800, 885.2315454527469]
[800.2184322162851, 900.0, 785.6523552197501, 896.6549330018006]
[800.2184322162851, 900.0, 786.179600933821, 895.7658262163801]
[800.2184322162851, 900.0, 788.8472065554287, 894.0035473589246]
[800.2184322162851, 900.0, 788.8644486350602, 890.7643024400968]
[800.2184322162851, 900.0, 791.7972699347766, 889.1373232200817]
[800.0, 900.0, 800, 882.3778981840893]
[800.0, 900.0, 784.4321452151252, 900.0]
[800.0, 900.0, 785.6523552197501, 895.7658262163801]
[800.0, 900.0, 786.179600933821, 894.0035473589246]
[800.0, 900.0, 788.8472065554287, 906.6131577133733]
[800.0, 900.0, 788.8644486350602, 909.2852350912808]
[800.0, 900.0, 791.7972699347766, 882.5870776576426]

2

[800, 854.9243725559629, 800, 900]
[801.9653322746656, 855.7772540484256, 800, 900]
[800.2184322162851, 855.7772540484256, 800, 897.9403940272981]
[800.0, 855.7772540484256, 800, 896.3696368479918]
[800.0, 855.7772540484256, 793.3562743657013, 900.0]
[803.4620085191644, 855.8666958184074, 800, 900]
[800.0, 855.8666958184074, 800, 890.7603754285163]
[792.0507770905658, 858.7969446942478, 800, 900]
[792.4813446508035, 858.7969446942478, 800, 900.8989822119681]
[792.4813446508035, 858.7969446942478, 793.3562743657013, 900.0]
[800.2184322162851, 858.7969446942478, 800, 895.67079861959]
[800.2184322162851, 858.7969446942478, 811.6640857372848, 896.6549330018006]
[800.2184322162851, 858.7969446942478, 810.9884868301998, 895.7658262163801]
[800.0, 858.7969446942478, 800, 909.2852350912808]
[800.0, 858.7969446942478, 785.6523552197501, 900.0]
[800.0, 858.7969446942478, 788.8644486350602, 895.7658262163801]
[800.0, 858.7969446942478, 793.3562743657013, 906.5456367518682]
[826.9129683904787, 900.0, 800, 900]
[787.9132153149569, 900.0, 800, 905.1131331605944]
[787.9132153149569, 900.0, 804.2270439380494, 900.0]
[800.2184322162851, 900.0, 800, 878.3842091432407]
[800.2184322162851, 900.0, 818.8230629483363, 900.0]
[800.2184322162851, 900.0, 815.6669055961886, 896.6549330018006]
[800.2184322162851, 900.0, 814.4585460089937, 894.0035473589246]
[800.2184322162851, 900.0, 814.4509732403651, 906.6131577133733]
[800.2184322162851, 900.0, 811.6640857372848, 909.2852350912808]
[800.2184322162851, 900.0, 810.9884868301998, 885.2963608905353]
[800.2184322162851, 900.0, 810.6213019995257, 882.5870776576426]
[800.2184322162851, 900.0, 804.2270439380494, 881.9224546114269]
[800.0, 900.0, 800, 869.7905967136014]
[800.0, 900.0, 771.0575593680364, 900.0]
[800.0, 900.0, 781.3237987313948, 895.7658262163801]
[800.0, 900.0, 781.5103994783824, 894.0035473589246]
[800.0, 900.0, 784.4321452151252, 906.6131577133733]
[800.0, 900.0, 785.6523552197501, 909.2852350912808]
[800.0, 900.0, 786.179600933821, 882.5870776576426]
[800.0, 900.0, 788.8472065554287, 881.9224546114269]
[800.0, 900.0, 788.8644486350602, 878.3919228134241]
[800.0, 900.0, 791.7972699347766, 878.3842091432407]

3

[800, 852.0363921031491, 800, 900]
[830.8469670656611, 900.0, 800, 900]
[830.6033849090802, 900.0, 800, 905.1131331605944]
[830.6033849090802, 900.0, 804.2270439380494, 900.0]
[787.9132153149569, 900.0, 800, 917.9263277589184]
[787.9132153149569, 900.0, 782.1896149371939, 900.0]
[787.9132153149569, 900.0, 782.5648114499878, 900.8989822119681]
[787.9132153149569, 900.0, 784.4321452151252, 903.278189426484]
[787.9132153149569, 900.0, 784.9386030804283, 895.4030680030122]
[787.9132153149569, 900.0, 785.6523552197501, 894.0035473589246]
[787.9132153149569, 900.0, 786.179600933821, 906.6131577133733]
[787.9132153149569, 900.0, 788.8472065554287, 909.2852350912808]
[787.9132153149569, 900.0, 809.7629644383828, 910.3724689988516]
[787.9132153149569, 900.0, 804.2270439380494, 917.3185840680926]
[787.9132153149569, 900.0, 802.1699914596387, 917.7679303233338]
[800.0, 900.0, 800, 864.8245438476833]
[800.0, 900.0, 853.2590413166943, 900.0]
[800.0, 900.0, 841.2052928241274, 896.6549330018006]
[800.0, 900.0, 839.0736797711116, 894.0035473589246]
[800.0, 900.0, 818.8230629483363, 906.6131577133733]
[800.0, 900.0, 815.6669055961886, 909.2852350912808]
[800.0, 900.0, 814.4585460089937, 885.2963608905353]
[800.0, 900.0, 814.4509732403651, 882.5870776576426]
[800.0, 900.0, 811.6640857372848, 881.9224546114269]
[800.0, 900.0, 810.9884868301998, 878.3842091432407]
[800.0, 900.0, 810.6213019995257, 868.1125583935982]
[800.0, 900.0, 804.2270439380494, 864.8927956820634]

4

[800, 849.1770708629625, 800, 900]
[801.9653322746656, 849.8191352779331, 800, 900]
[800.2184322162851, 849.8191352779331, 800, 897.9403940272981]
[800.0, 849.8191352779331, 800, 896.3696368479918]
[800.0, 849.8191352779331, 793.3562743657013, 900.0]
[839.2069932567955, 900.0, 800, 900.0]
[762.8762041630625, 900.0, 788.8472065554287, 905.1131331605944]
[762.8762041630625, 900.0, 788.8644486350602, 906.5456367518682]
[762.8762041630625, 900.0, 791.7972699347766, 906.6131577133733]
[762.8762041630625, 900.0, 792.1696122779075, 909.2852350912808]
[762.8762041630625, 900.0, 804.2270439380494, 910.3724689988516]
[767.0430399217657, 900.0, 788.8472065554287, 906.5456367518682]
[767.0430399217657, 900.0, 788.8644486350602, 906.6131577133733]
[767.0430399217657, 900.0, 791.7972699347766, 909.2852350912808]
[767.0430399217657, 900.0, 792.1696122779075, 910.3724689988516]
[830.6033849090802, 900.0, 800, 887.1560483078707]
[830.6033849090802, 900.0, 812.102277825837, 900.0]
[830.6033849090802, 900.0, 811.9228221414403, 894.0035473589246]
[830.6033849090802, 900.0, 804.2270439380494, 887.2335649985542]
[800.2184322162851, 900.0, 800, 864.6709301497601]
[800.2184322162851, 900.0, 781.3237987313948, 900.0]
[800.2184322162851, 900.0, 781.5103994783824, 900.8989822119681]
[800.2184322162851, 900.0, 782.1896149371939, 903.278189426484]
[800.2184322162851, 900.0, 782.5648114499878, 895.4030680030122]
[800.2184322162851, 900.0, 784.4321452151252, 894.0035473589246]
[800.2184322162851, 900.0, 784.9386030804283, 906.6131577133733]
[800.2184322162851, 900.0, 785.6523552197501, 909.2852350912808]
[800.2184322162851, 900.0, 786.179600933821, 910.3724689988516]
[800.2184322162851, 900.0, 788.8472065554287, 917.3185840680926]
[800.2184322162851, 900.0, 809.7629644383828, 917.7679303233338]
[800.2184322162851, 900.0, 804.2270439380494, 917.9263277589184]
[800.2184322162851, 900.0, 802.1699914596387, 918.1281979253498]
[800.0, 900.0, 800, 863.9869497694148]
[800.0, 900.0, 859.6764863415772, 900.0]
[800.0, 900.0, 857.9115238320957, 895.7658262163801]
[800.0, 900.0, 855.9536572801688, 894.0035473589246]
[800.0, 900.0, 853.2590413166943, 906.6131577133733]
[800.0, 900.0, 853.0172280855512, 909.2852350912808]
[800.0, 900.0, 771.0575593680364, 882.5870776576426]
[800.0, 900.0, 781.3237987313948, 881.9224546114269]
[800.0, 900.0, 781.5103994783824, 878.3919228134241]
[800.0, 900.0, 784.4321452151252, 878.3842091432407]
[800.0, 900.0, 785.6523552197501, 868.6394064934558]
[800.0, 900.0, 786.179600933821, 868.1125583935982]
[800.0, 900.0, 788.8472065554287, 864.8927956820634]
[800.0, 900.0, 788.8644486350602, 864.8245438476833]
[800.0, 900.0, 791.7972699347766, 864.1358763058405]

5

[800, 836.8638801675834, 800, 900]
[801.9653322746656, 839.1053554144979, 800, 900]
[800.2184322162851, 839.1053554144979, 800, 897.9403940272981]
[800.0, 839.1053554144979, 800, 905.1131331605944]
[800.0, 839.1053554144979, 793.3671573652475, 900.0]
[803.4620085191644, 843.4322394990905, 800, 900]
[792.0507770905658, 849.1770708629625, 800, 900]
[792.4813446508035, 849.1770708629625, 800, 900.8989822119681]
[792.4813446508035, 849.1770708629625, 793.3562743657013, 900.0]
[800.0, 849.1770708629625, 800, 909.2852350912808]
[800.0, 849.1770708629625, 811.6640857372848, 906.5456367518682]
[791.9897345406441, 849.8191352779331, 800, 900]
[800.2184322162851, 849.8191352779331, 800, 890.7603754285163]
[800.2184322162851, 849.8191352779331, 811.6640857372848, 890.7643024400968]
[800.0, 849.8191352779331, 800, 917.3185840680926]
[800.0, 849.8191352779331, 785.6523552197501, 906.5456367518682]
[800.0, 849.8191352779331, 793.3562743657013, 909.2852350912808]
[852.0932368153805, 900.0, 800, 900.0]
[850.0544367831396, 900.0, 800, 906.6131577133733]
[850.0544367831396, 900.0, 804.2270439380494, 900.0]
[839.2069932567955, 900.0, 800, 887.1560483078707]
[839.2069932567955, 900.0, 788.8472065554287, 900.0]
[839.2069932567955, 900.0, 804.2270439380494, 906.6131577133733]
[800.0, 900.0, 800, 853.4121028543929]
[800.0, 900.0, 781.3237987313948, 900.0]
[800.0, 900.0, 781.5103994783824, 900.8989822119681]
[800.0, 900.0, 782.1896149371939, 901.8945885611565]
[800.0, 900.0, 783.9316775448227, 903.278189426484]
[800.0, 900.0, 784.4321452151252, 905.1131331605944]
[800.0, 900.0, 784.9386030804283, 906.5456367518682]
[800.0, 900.0, 786.179600933821, 906.6131577133733]
[800.0, 900.0, 788.8472065554287, 909.2852350912808]
[800.0, 900.0, 788.8644486350602, 910.3724689988516]
[800.0, 900.0, 791.7972699347766, 917.3185840680926]
[800.0, 900.0, 792.1696122779075, 917.7679303233338]
[800.0, 900.0, 804.2270439380494, 917.9263277589184]
[800.0, 900.0, 802.1699914596387, 918.1281979253498]

6

[800, 826.8469217915728, 800, 900]
[854.9983678160465, 900.0, 800, 900.0]
[854.966900790981, 900.0, 800, 906.6131577133733]
[854.4124762972766, 900.0, 800, 887.1560483078707]
[854.4124762972766, 900.0, 786.179600933821, 900.0]
[854.4124762972766, 900.0, 804.2270439380494, 906.6131577133733]
[852.0932368153805, 900.0, 800, 885.2315454527469]
[852.0932368153805, 900.0, 786.179600933821, 906.6131577133733]
[852.0932368153805, 900.0, 804.2270439380494, 885.2963608905353]
[839.1744185377228, 900.0, 800, 864.8245438476833]
[839.1744185377228, 900.0, 814.4585460089937, 900.0]
[839.1744185377228, 900.0, 814.4509732403651, 906.6131577133733]
[839.1744185377228, 900.0, 813.4510536357599, 885.2963608905353]
[839.1744185377228, 900.0, 804.2270439380494, 881.9224546114269]
[830.8469670656611, 900.0, 800, 864.8064431310477]
[830.8469670656611, 900.0, 815.6669055961886, 887.2335649985542]
[830.8469670656611, 900.0, 814.4585460089937, 885.2963608905353]
[830.8469670656611, 900.0, 814.4509732403651, 881.9224546114269]
[830.8469670656611, 900.0, 813.4510536357599, 878.3842091432407]
[830.8469670656611, 900.0, 811.9228221414403, 864.8927956820634]
[830.8469670656611, 900.0, 804.2270439380494, 864.8245438476833]
[830.6033849090802, 900.0, 800, 863.9869497694148]
[830.6033849090802, 900.0, 859.6764863415772, 900.0]
[830.6033849090802, 900.0, 857.9115238320957, 905.1131331605944]
[830.6033849090802, 900.0, 855.9536572801688, 906.6131577133733]
[830.6033849090802, 900.0, 814.4585460089937, 864.8927956820634]
[830.6033849090802, 900.0, 811.6640857372848, 864.8245438476833]
[830.6033849090802, 900.0, 804.2270439380494, 864.1358763058405]
[800.0, 900.0, 800, 850.3977928639177]
[800.0, 900.0, 871.3932441538904, 900.0]
[800.0, 900.0, 866.8472614216967, 900.8989822119681]
[800.0, 900.0, 864.8927956820634, 903.278189426484]
[800.0, 900.0, 864.8245438476833, 895.4030680030122]
[800.0, 900.0, 859.6764863415772, 894.0035473589246]
[800.0, 900.0, 857.9115238320957, 906.6131577133733]
[800.0, 900.0, 781.3237987313948, 909.2852350912808]
[800.0, 900.0, 781.5103994783824, 910.3724689988516]
[800.0, 900.0, 782.1896149371939, 917.3185840680926]
[800.0, 900.0, 782.5648114499878, 917.7679303233338]
[800.0, 900.0, 784.4321452151252, 917.9263277589184]
[800.0, 900.0, 784.9386030804283, 918.1281979253498]
[800.0, 900.0, 785.6523552197501, 864.1358763058405]
[800.0, 900.0, 786.179600933821, 863.7228668162862]
[800.0, 900.0, 788.8472065554287, 854.900593157956]
[800.0, 900.0, 809.7629644383828, 853.4319122361208]
[800.0, 900.0, 804.2270439380494, 853.2590413166943]
[800.0, 900.0, 802.1699914596387, 850.5421961955507]

7

[800, 824.1780517650604, 800, 900]
[801.9653322746656, 824.1906262877199, 800, 900]
[800.2184322162851, 824.1906262877199, 800, 897.9403940272981]
[800.0, 824.1906262877199, 800, 906.3250721892334]
[800.0, 824.1906262877199, 793.3671573652475, 900.0]
[803.4620085191644, 825.9637930827824, 800, 900]
[792.0507770905658, 826.8469217915728, 800, 900]
[792.4813446508035, 826.8469217915728, 800, 900.8989822119681]
[792.4813446508035, 826.8469217915728, 793.3671573652475, 900.0]
[800.2184322162851, 826.8469217915728, 800, 890.7603754285163]
[800.0, 826.8469217915728, 800, 878.8742769175809]
[800.0, 826.8469217915728, 785.6523552197501, 900.0]
[800.0, 826.8469217915728, 793.3562743657013, 906.3250721892334]
[800.0, 826.8469217915728, 793.3671573652475, 889.1373232200817]
[894.745557724336, 900.0, 800, 900]
[861.2894301769987, 900.0, 800, 917.7679303233338]
[861.2894301769987, 900.0, 782.1896149371939, 900.0]
[861.2894301769987, 900.0, 782.5648114499878, 901.5560626784288]
[861.2894301769987, 900.0, 783.9316775448227, 901.8945885611565]
[861.2894301769987, 900.0, 784.0984795467105, 903.278189426484]
[861.2894301769987, 900.0, 784.1480269260893, 904.2310691415128]
[861.2894301769987, 900.0, 784.4321452151252, 908.8321916968349]
[861.2894301769987, 900.0, 784.9386030804283, 909.2852350912808]
[861.2894301769987, 900.0, 786.179600933821, 910.3724689988516]
[861.2894301769987, 900.0, 788.8472065554287, 915.487923084968]
[861.2894301769987, 900.0, 790.2340558149018, 915.6367054876312]
[861.2894301769987, 900.0, 791.7972699347766, 916.0530435406849]
[861.2894301769987, 900.0, 796.9494072393501, 916.1754188996237]
[861.2894301769987, 900.0, 797.1977030179464, 917.3185840680926]
[800.0, 900.0, 800, 836.3640801837236]
[800.0, 900.0, 864.8245438476833, 900.0]
[800.0, 900.0, 859.6764863415772, 900.8989822119681]
[800.0, 900.0, 857.9115238320957, 901.8945885611565]
[800.0, 900.0, 855.9536572801688, 903.278189426484]
[800.0, 900.0, 854.900593157956, 905.1131331605944]
[800.0, 900.0, 770.865971547106, 906.6131577133733]
[800.0, 900.0, 781.3237987313948, 909.2852350912808]
[800.0, 900.0, 781.5103994783824, 910.3724689988516]
[800.0, 900.0, 782.1896149371939, 917.3185840680926]
[800.0, 900.0, 783.9316775448227, 917.7679303233338]
[800.0, 900.0, 784.4321452151252, 917.9263277589184]
[800.0, 900.0, 784.9386030804283, 918.1281979253498]
[800.0, 900.0, 786.179600933821, 850.5421961955507]
[800.0, 900.0, 788.8472065554287, 850.3796798976574]
[800.0, 900.0, 788.8644486350602, 850.0778143175653]
[800.0, 900.0, 804.2270439380494, 841.2052928241274]
[800.0, 900.0, 802.1699914596387, 836.561778190372]
