selection file, result

1

[400, 709.6909704312013, 400, 700]
[375.88000001347297, 700.0, 400, 700]
[400.0, 700.0, 400, 653.1878219249605]
[400.0, 700.0, 298.58213584495087, 700.0]
[400.0, 700.0, 479.15874421505936, 700.2892147224675]
[400.0, 700.0, 478.4322676734284, 702.7988574715746]
[400.0, 700.0, 478.14313507175046, 694.5086759542073]
[400.0, 700.0, 414.24998520066686, 694.2443974750298]
[400.0, 700.0, 402.83001037991215, 693.526455377956]
[400.0, 700.0, 402.6897779748908, 689.890096129436]
[400.0, 700.0, 402.3689712118877, 689.8353307247493]
[400.0, 700.0, 401.3611512218187, 689.7284087215313]
[400.0, 700.0, 401.01975130622054, 688.1772866041098]
[400.0, 700.0, 399.1279390548656, 737.8393349871769]
[400.0, 700.0, 399.91932309932497, 653.1958715554533]

2

[400, 715.906794988636, 400, 700]
[590.4071055583552, 700.0, 400, 700]
[378.91788561025726, 700.0, 400, 700.2892147224675]
[378.91788561025726, 700.0, 399.91932309932497, 700.0]
[400.0, 700.0, 400, 626.2894970674918]
[400.0, 700.0, 281.27962699546083, 700.0]
[400.0, 700.0, 290.52267744874894, 700.2892147224675]
[400.0, 700.0, 292.56025111962634, 702.7988574715746]
[400.0, 700.0, 293.6421553332098, 694.5086759542073]
[400.0, 700.0, 293.80944324293694, 694.2443974750298]
[400.0, 700.0, 479.15874421505936, 693.526455377956]
[400.0, 700.0, 478.4322676734284, 689.890096129436]
[400.0, 700.0, 478.14313507175046, 689.8353307247493]
[400.0, 700.0, 477.92920436389016, 689.7284087215313]
[400.0, 700.0, 477.2213942700884, 688.1772866041098]
[400.0, 700.0, 414.24998520066686, 737.8393349871769]
[400.0, 700.0, 413.72063227635033, 653.5969415306386]
[400.0, 700.0, 413.35366277550975, 653.3161788740756]
[400.0, 700.0, 402.83001037991215, 653.1958715554533]
[400.0, 700.0, 402.3498173819759, 653.1878219249605]
[400.0, 700.0, 401.3611512218187, 652.9204705639902]
[400.0, 700.0, 401.01975130622054, 634.1536113834193]
[400.0, 700.0, 399.1279390548656, 633.0637236241279]
[400.0, 700.0, 399.91932309932497, 626.8069125697211]

3

[400, 719.2617037554866, 400, 700]
[397.3957643987619, 716.6870161779555, 400, 700]
[393.9376761003823, 715.906794988636, 400, 700]
[400.0, 715.906794988636, 400, 694.1932175311072]
[400.0, 715.906794988636, 401.01975130622054, 700.0]
[400.0, 715.906794988636, 400.9455597247597, 700.2892147224675]
[400.0, 715.906794988636, 400.1507623686314, 694.7245299085424]
[400.0, 715.906794988636, 400.14111726234177, 694.5086759542073]
[400.0, 715.906794988636, 399.91932309932497, 694.2443974750298]
[591.4224674792076, 700.0, 400, 700]
[376.07136774974816, 700.0, 400, 701.0057800149496]
[378.64282545911993, 700.0, 400, 696.0286941579541]
[378.64282545911993, 700.0, 399.5291746535282, 700.0]
[378.64282545911993, 700.0, 399.91932309932497, 700.2892147224675]
[400.0, 700.0, 400, 625.5967619023249]
[400.0, 700.0, 281.0159260474033, 700.0]
[400.0, 700.0, 281.27962699546083, 700.2892147224675]
[400.0, 700.0, 290.52267744874894, 702.7988574715746]
[400.0, 700.0, 292.56025111962634, 694.5086759542073]
[400.0, 700.0, 293.6421553332098, 694.2443974750298]
[400.0, 700.0, 293.80944324293694, 693.526455377956]
[400.0, 700.0, 479.15874421505936, 689.890096129436]
[400.0, 700.0, 478.4322676734284, 689.8353307247493]
[400.0, 700.0, 478.14313507175046, 689.7284087215313]
[400.0, 700.0, 477.92920436389016, 688.1772866041098]
[400.0, 700.0, 477.2213942700884, 737.8393349871769]
[400.0, 700.0, 414.24998520066686, 653.5969415306386]
[400.0, 700.0, 413.72063227635033, 653.3161788740756]
[400.0, 700.0, 413.35366277550975, 653.1958715554533]
[400.0, 700.0, 402.83001037991215, 653.1878219249605]
[400.0, 700.0, 402.3498173819759, 652.9204705639902]
[400.0, 700.0, 401.3611512218187, 634.1536113834193]
[400.0, 700.0, 401.01975130622054, 633.0637236241279]
[400.0, 700.0, 399.1279390548656, 626.8069125697211]
[400.0, 700.0, 399.91932309932497, 625.9076532288436]

4

[400, 719.5381056364099, 400, 700]
[397.3957643987619, 719.4634175803611, 400, 700]
[400.0, 719.4634175803611, 400, 694.1932175311072]
[400.0, 719.4634175803611, 401.01975130622054, 700.0]
[400.0, 719.4634175803611, 400.9455597247597, 700.2892147224675]
[400.0, 719.4634175803611, 400.1507623686314, 694.7245299085424]
[400.0, 719.4634175803611, 400.14111726234177, 694.5086759542073]
[400.0, 719.4634175803611, 399.91932309932497, 694.2443974750298]
[590.4071055583552, 700.0, 400, 700]
[376.07136774974816, 700.0, 400, 695.2514213553959]
[376.07136774974816, 700.0, 399.5291746535282, 701.0057800149496]
[376.07136774974816, 700.0, 399.91932309932497, 696.0286941579541]
[378.64282545911993, 700.0, 400, 694.6971216240096]
[378.64282545911993, 700.0, 398.10488933555456, 700.0]
[378.64282545911993, 700.0, 399.1279390548656, 700.2892147224675]
[378.64282545911993, 700.0, 399.5291746535282, 696.0286941579541]
[378.64282545911993, 700.0, 399.91932309932497, 694.7245299085424]
[400.0, 700.0, 400, 625.2044889949956]
[400.0, 700.0, 273.96095047425564, 700.0]
[400.0, 700.0, 276.8992025350093, 700.2892147224675]
[400.0, 700.0, 281.0159260474033, 702.7988574715746]
[400.0, 700.0, 281.27962699546083, 694.5086759542073]
[400.0, 700.0, 290.52267744874894, 694.2443974750298]
[400.0, 700.0, 292.56025111962634, 693.526455377956]
[400.0, 700.0, 293.6421553332098, 689.890096129436]
[400.0, 700.0, 293.80944324293694, 689.8353307247493]
[400.0, 700.0, 479.15874421505936, 689.7284087215313]
[400.0, 700.0, 478.4322676734284, 688.1772866041098]
[400.0, 700.0, 478.14313507175046, 737.8393349871769]
[400.0, 700.0, 477.92920436389016, 653.5969415306386]
[400.0, 700.0, 477.2213942700884, 653.3161788740756]
[400.0, 700.0, 414.24998520066686, 653.1958715554533]
[400.0, 700.0, 413.72063227635033, 653.1878219249605]
[400.0, 700.0, 413.35366277550975, 652.9204705639902]
[400.0, 700.0, 402.83001037991215, 634.1536113834193]
[400.0, 700.0, 402.3498173819759, 633.0637236241279]
[400.0, 700.0, 401.3611512218187, 626.8069125697211]
[400.0, 700.0, 401.01975130622054, 625.9076532288436]
[400.0, 700.0, 399.1279390548656, 625.5842130470614]
[400.0, 700.0, 399.91932309932497, 625.2878913209748]

5

[400, 649.9403645686701, 400, 700]
[378.64282545911993, 715.906794988636, 400, 700]
[400.0, 715.906794988636, 400, 624.6244903909283]
[400.0, 715.906794988636, 293.6421553332098, 700.0]
[400.0, 715.906794988636, 293.80944324293694, 700.2892147224675]
[400.0, 715.906794988636, 297.6866378515328, 702.7988574715746]
[400.0, 715.906794988636, 479.15874421505936, 694.2443974750298]
[400.0, 715.906794988636, 478.4322676734284, 693.526455377956]
[400.0, 715.906794988636, 478.14313507175046, 691.2808960276791]
[400.0, 715.906794988636, 477.92920436389016, 689.890096129436]
[400.0, 715.906794988636, 414.24998520066686, 689.8353307247493]
[400.0, 715.906794988636, 413.72063227635033, 689.7284087215313]
[400.0, 715.906794988636, 413.35366277550975, 688.659393261266]
[400.0, 715.906794988636, 402.83001037991215, 688.1772866041098]
[400.0, 715.906794988636, 402.3498173819759, 740.7492641627306]
[400.0, 715.906794988636, 401.3611512218187, 653.1958715554533]
[400.0, 715.906794988636, 401.01975130622054, 653.1878219249605]
[400.0, 715.906794988636, 400.9455597247597, 652.9204705639902]
[400.0, 715.906794988636, 400.1507623686314, 650.2848718648879]
[400.0, 715.906794988636, 400.14111726234177, 625.2878913209748]
[400.0, 715.906794988636, 399.91932309932497, 624.8607958307587]
[594.4885554245982, 700.0, 400, 700]
[378.64282545911993, 700.0, 400, 691.4408470272353]
[378.64282545911993, 700.0, 409.7016937896756, 700.0]
[378.64282545911993, 700.0, 408.8536405940525, 700.2892147224675]
[378.64282545911993, 700.0, 407.4770538974437, 700.8183516574724]
[378.64282545911993, 700.0, 405.55778054764113, 701.0057800149496]
[378.64282545911993, 700.0, 399.03359245068344, 696.0286941579541]
[378.64282545911993, 700.0, 399.5291746535282, 695.2514213553959]
[378.64282545911993, 700.0, 399.91932309932497, 691.787058094757]
[400.0, 700.0, 400, 623.3414532956018]
[400.0, 700.0, 266.50912827322406, 700.0]
[400.0, 700.0, 273.6164502892463, 700.2892147224675]
[400.0, 700.0, 273.96095047425564, 702.7988574715746]
[400.0, 700.0, 276.8992025350093, 694.5086759542073]
[400.0, 700.0, 281.0159260474033, 694.2443974750298]
[400.0, 700.0, 281.27962699546083, 693.526455377956]
[400.0, 700.0, 290.52267744874894, 689.890096129436]
[400.0, 700.0, 292.56025111962634, 689.8353307247493]
[400.0, 700.0, 293.6421553332098, 689.7284087215313]
[400.0, 700.0, 293.80944324293694, 688.1772866041098]
[400.0, 700.0, 479.15874421505936, 737.8393349871769]
[400.0, 700.0, 478.4322676734284, 653.5969415306386]
[400.0, 700.0, 478.14313507175046, 653.3161788740756]
[400.0, 700.0, 477.92920436389016, 653.1958715554533]
[400.0, 700.0, 477.2213942700884, 653.1878219249605]
[400.0, 700.0, 414.24998520066686, 652.9204705639902]
[400.0, 700.0, 413.72063227635033, 634.1536113834193]
[400.0, 700.0, 413.35366277550975, 633.0637236241279]
[400.0, 700.0, 402.83001037991215, 626.8069125697211]
[400.0, 700.0, 402.3498173819759, 625.9076532288436]
[400.0, 700.0, 401.3611512218187, 625.5842130470614]
[400.0, 700.0, 401.01975130622054, 625.2878913209748]
[400.0, 700.0, 399.1279390548656, 624.8607958307587]
[400.0, 700.0, 399.91932309932497, 624.5527577303751]

6

[400, 783.0355491379127, 400, 700]
[593.6921414554369, 700.0, 400, 700]
[376.07136774974816, 700.0, 400, 690.2349725291137]
[376.07136774974816, 700.0, 412.15138403678526, 700.0]
[376.07136774974816, 700.0, 411.8675211501172, 700.2892147224675]
[376.07136774974816, 700.0, 411.15465234024975, 700.8183516574724]
[376.07136774974816, 700.0, 409.7016937896756, 701.0057800149496]
[376.07136774974816, 700.0, 408.8536405940525, 696.0286941579541]
[376.07136774974816, 700.0, 407.4770538974437, 695.2514213553959]
[376.07136774974816, 700.0, 399.91932309932497, 690.2626491172504]
[378.64282545911993, 700.0, 400, 689.8386268732844]
[378.64282545911993, 700.0, 413.72063227635033, 700.0]
[378.64282545911993, 700.0, 413.35366277550975, 700.2892147224675]
[378.64282545911993, 700.0, 413.299439277924, 696.0286941579541]
[378.64282545911993, 700.0, 402.83001037991215, 694.7245299085424]
[378.64282545911993, 700.0, 398.10488933555456, 694.5086759542073]
[378.64282545911993, 700.0, 399.1279390548656, 694.2443974750298]
[378.64282545911993, 700.0, 399.5291746535282, 693.526455377956]
[378.64282545911993, 700.0, 399.91932309932497, 689.890096129436]
[400.0, 700.0, 400, 653.1878219249605]
[400.0, 700.0, 281.0159260474033, 700.0]
[400.0, 700.0, 281.27962699546083, 700.2892147224675]
[400.0, 700.0, 290.52267744874894, 696.0286941579541]
[400.0, 700.0, 291.43643428057476, 694.7245299085424]
[400.0, 700.0, 293.6421553332098, 694.5086759542073]
[400.0, 700.0, 414.24998520066686, 694.2443974750298]
[400.0, 700.0, 413.72063227635033, 693.526455377956]
[400.0, 700.0, 413.35366277550975, 689.890096129436]
[400.0, 700.0, 402.83001037991215, 689.8353307247493]
[400.0, 700.0, 402.3498173819759, 689.7284087215313]
[400.0, 700.0, 401.3611512218187, 688.1772866041098]
[400.0, 700.0, 401.01975130622054, 653.5969415306386]
[400.0, 700.0, 399.1279390548656, 653.3161788740756]
[400.0, 700.0, 399.91932309932497, 653.1958715554533]

7

[400, 582.458675924782, 400, 700]
[397.3957643987619, 582.7036799349064, 400, 700]
[393.9376761003823, 783.0355491379127, 400, 700]
[400.0, 783.0355491379127, 400, 694.5086759542073]
[400.0, 783.0355491379127, 401.01975130622054, 700.0]
[400.0, 783.0355491379127, 400.9455597247597, 700.2109433865264]
[400.0, 783.0355491379127, 400.1507623686314, 700.2892147224675]
[400.0, 783.0355491379127, 400.14111726234177, 694.7245299085424]
[400.0, 783.0355491379127, 399.91932309932497, 694.5328205677368]
[594.3859498257588, 700.0, 400, 700]
[375.78258915222955, 700.0, 400, 690.0078077719256]
[375.78258915222955, 700.0, 412.86152145690454, 700.0]
[375.78258915222955, 700.0, 412.15138403678526, 700.2892147224675]
[375.78258915222955, 700.0, 411.8675211501172, 700.8183516574724]
[375.78258915222955, 700.0, 411.15465234024975, 701.0057800149496]
[375.78258915222955, 700.0, 409.7016937896756, 696.0286941579541]
[375.78258915222955, 700.0, 408.8536405940525, 695.2514213553959]
[375.78258915222955, 700.0, 399.91932309932497, 690.1330603778189]
[375.88000001347297, 700.0, 400, 689.8386268732844]
[375.88000001347297, 700.0, 413.72063227635033, 700.0]
[375.88000001347297, 700.0, 413.35366277550975, 700.2892147224675]
[375.88000001347297, 700.0, 413.299439277924, 696.0286941579541]
[375.88000001347297, 700.0, 402.83001037991215, 694.7245299085424]
[375.88000001347297, 700.0, 398.10488933555456, 694.5086759542073]
[375.88000001347297, 700.0, 399.1279390548656, 694.2443974750298]
[375.88000001347297, 700.0, 399.5291746535282, 693.526455377956]
[375.88000001347297, 700.0, 399.91932309932497, 689.890096129436]
[400.0, 700.0, 400, 634.1536113834193]
[400.0, 700.0, 273.6164502892463, 700.0]
[400.0, 700.0, 273.96095047425564, 700.2892147224675]
[400.0, 700.0, 276.8992025350093, 696.0286941579541]
[400.0, 700.0, 277.8708256726542, 694.7245299085424]
[400.0, 700.0, 281.0159260474033, 694.5086759542073]
[400.0, 700.0, 281.27962699546083, 694.2443974750298]
[400.0, 700.0, 290.52267744874894, 693.526455377956]
[400.0, 700.0, 291.43643428057476, 689.890096129436]
[400.0, 700.0, 414.24998520066686, 689.8353307247493]
[400.0, 700.0, 413.72063227635033, 689.7284087215313]
[400.0, 700.0, 413.35366277550975, 688.1772866041098]
[400.0, 700.0, 402.83001037991215, 653.5969415306386]
[400.0, 700.0, 402.3498173819759, 653.3161788740756]
[400.0, 700.0, 401.3611512218187, 653.1958715554533]
[400.0, 700.0, 401.01975130622054, 653.1878219249605]
[400.0, 700.0, 399.1279390548656, 652.9204705639902]
[400.0, 700.0, 399.91932309932497, 634.2135497103192]
