selection file, result

50



100

[10.0, 21.0, 5455]
[10.0, 20.0, 5501]
[9.0, 21.0, 5501]

150

[10.0, 21.0, 5455]
[11.0, 21.0, 4650]
[11.0, 10.0, 4687]
[11.0, 4.0, 4787]
[10.0, 20.0, 5501]
[9.0, 21.0, 5501]

200

[10.0, 21.0, 5455]
[11.0, 21.0, 4650]
[11.0, 10.0, 4687]
[11.0, 4.0, 4787]
[12.0, 2.0, 3674]
[12.0, 21.0, 2580]
[10.0, 20.0, 5501]
[9.0, 21.0, 5501]

250

[10.0, 21.0, 5455]
[11.0, 21.0, 4650]
[11.0, 10.0, 4687]
[11.0, 4.0, 4787]
[12.0, 2.0, 3674]
[12.0, 21.0, 2580]
[13.0, 2.0, 2977]
[13.0, 21.0, 1471]
[10.0, 20.0, 5501]
[9.0, 21.0, 5501]

300

[10.0, 21.0, 5455]
[11.0, 21.0, 4650]
[11.0, 10.0, 4687]
[11.0, 4.0, 4787]
[12.0, 2.0, 3674]
[12.0, 21.0, 2580]
[13.0, 2.0, 2977]
[13.0, 21.0, 1471]
[14.0, 21.0, 0]
[10.0, 20.0, 5501]
[9.0, 21.0, 5501]

350

[10.0, 21.0, 5455]
[11.0, 21.0, 4650]
[11.0, 10.0, 4687]
[11.0, 4.0, 4787]
[12.0, 2.0, 3674]
[12.0, 21.0, 2580]
[13.0, 2.0, 2977]
[13.0, 21.0, 1471]
[14.0, 21.0, 0]
[10.0, 20.0, 5501]
[9.0, 21.0, 5501]
