selection file, result

50

[100, 3, 0, 0, 1, 1]
[100, 3, 1, 1.0, 0, 0]
[100, 4, 0.0, 1.0, 1, 1]
[137, 3.0, 0.0, 1.0, 1, 1]
[50, 4, 0.0, 1.0, 1, 0.0]
[50, 4, 0.0, 1, 1, 0.0]

100

[100, 3, 0, 0, 1, 1]
[100, 3, 1, 1.0, 0, 0]
[100, 4, 0.0, 1.0, 1, 1]
[137, 3.0, 0.0, 1.0, 1, 1]

150

[100, 3, 1, 1, 0, 0]
[100, 2, 0.0, 0, 1, 1]
[71, 3.0, 0.0, 0, 1, 1]
[137, 3.0, 0.0, 1.0, 1, 1]
[137, 3, 0.0, 1.0, 1, 1]
[137, 3.0, 0, 1.0, 1.0, 1]

200

[100, 3, 1, 0, 0]
[179, 0, 0.0, 0, 1]
[210, 0, 0, 1.0, 1]

250

[100, 4, 1, 0]
[135, 3.0, 1, 0]

300

[100, 4, 1, 0]
[135, 3.0, 1, 0]
