selection file, result

0



1



2

[19950406.0, 19950420, 1.0]
[19950409.0, 19950421, 1.0]
[19950411.0, 19950423, 1.0]
[19950404.0, 19950418, 1.0]
[19950405.0, 19950419, 1.0]

3

[19950605.0, 19950619, 1.0]
[19950607.0, 19950621, 1.0]
[19950608.0, 19950622, 1.0]
[19950603.0, 19950617, 1.0]
[19950601.0, 19950615, 1.0]
[19950528.0, 19950611, 1.0]

4

[19950809, 19950817.0, 1.0]
[19950810, 19950818.0, 1.0]
[19950811, 19950820.0, 1.0]
[19950814, 19950821.0, 1.0]
[19950815, 19950823.0, 1.0]
[19950805.0, 19950815.0, 1.0]
[19950802.0, 19950813.0, 1.0]
[19950730.0, 19950810.0, 1.0]
[19950806.0, 19950816.0, 1.0]

5

[19951006, 19951018.0, 1.0]
[19951008, 19951020.0, 1.0]
[19951010, 19951022.0, 1.0]
[19951005.0, 19951016.0, 1.0]

6

[19951208, 19951219.0, 1.0]
[19951209, 19951220.0, 1.0]
[19951210, 19951221.0, 1.0]
[19951211, 19951223.0, 1.0]
[19951213, 19951225.0, 1.0]
[19951214, 19951226.0, 1.0]
[19951205.0, 19951217.0, 1.0]
[19951201.0, 19951214.0, 1.0]
[19951206.0, 19951218.0, 1.0]

7

[19960207, 19960216.0, 1.0]
[19960208, 19960217.0, 1.0]
[19960210, 19960218.0, 1.0]
[19960211, 19960219.0, 1.0]
[19960205.0, 19960214.0, 1.0]
[19960202.0, 19960212.0, 1.0]
[19960130.0, 19960209.0, 1.0]
[19960206.0, 19960215.0, 1.0]
