selection file, result

0

[1, 0, 0, 19920508, 19920811]
[1, 1, 0, 19920507.0, 19920809]
[1, 1, 0, 19920506.0, 19920807]
[0, 0.0, 1, 19920506.0, 19940201]
[0, 1.0, 0, 19920506.0, 19940201]
[1, 1, 0, 19930408, 19930711]

1

[1, 0, 0, 19920624, 19920927]
[1, 1, 0, 19920623.0, 19920926]
[1, 1, 0, 19920622.0, 19920924]
[0, 0.0, 1, 19920622.0, 19940201]
[0, 1.0, 0, 19920622.0, 19940201]
[1, 0, 0, 19930526, 19930829]

2

[1, 0, 0, 19920706, 19921010]
[1, 1, 0, 19920705.0, 19921007]
[1, 1, 0, 19920704.0, 19921007]
[0, 0.0, 1, 19920704.0, 19940201]
[0, 1.0, 0, 19920704.0, 19940201]
[1, 0, 0, 19930606, 19930909]

3

[1, 0, 0, 19920814, 19921117]
[1, 1, 0, 19920813.0, 19921115]
[1, 1, 0, 19920812.0, 19921113]
[0, 0.0, 1, 19920812.0, 19940201]
[0, 1.0, 0, 19920812.0, 19940201]
[1, 0, 0, 19930714, 19931017]

4

[1, 0, 0, 19920901, 19921206]
[1, 0, 0, 19930801, 19931105]
[1, 0, 0, 19930803, 19931106]
[0, 1, 0, 19920901.0, 19931106]

5

[1, 0, 0, 19921001, 19930104]
[1, 0, 0, 19930831, 19931205]
[1, 0, 0, 19930902, 19931206]
[0, 1, 0, 19921001.0, 19931206]

6

[1, 0, 0, 19921101, 19930204]
[1, 1, 0, 19940925, 19941206]
[0, 1.0, 0, 19921101.0, 19941226]

7

[1, 0, 0, 19921121, 19930224]
[1, 1, 0, 19921130.0, 19930225]
[0, 0.0, 1, 19921123.0, 19940201]
[0, 1.0, 0, 19921123.0, 19940201]
[1, 1, 0, 19940904, 19941114]

8

[1, 0, 0, 19930102, 19930406]
[1, 1, 0, 19930101.0, 19930404]
[0, 0.0, 1, 19930101.0, 19940201]
[0, 1.0, 0, 19930101.0, 19940201]
[1, 1, 0, 19940726, 19941005]
