selection file, result

1

[60, 2.0, 4.0]
[55, 3.0, 3.0]
[61, 4.0, 3.0]
[54, 5.0, 2.0]
[80.0, 5.0, 3.0]
[99.0, 4.0, 4.0]
[89.0, 3.0, 4.0]

2

[60, 2.0, 4.0]
[55, 3.0, 3.0]
[61, 4.0, 3.0]
[54, 5.0, 2.0]
[80.0, 5.0, 3.0]
[99.0, 4.0, 4.0]
[89.0, 3.0, 4.0]

3

[60, 2.0, 4.0]
[55, 3.0, 3.0]
[61, 4.0, 3.0]
[54, 5.0, 2.0]
[80.0, 5.0, 3.0]
[99.0, 4.0, 4.0]
[89.0, 3.0, 4.0]

4

[60, 2.0, 4.0]
[55, 3.0, 3.0]
[61, 4.0, 3.0]
[54, 5.0, 2.0]
[80.0, 5.0, 3.0]
[99.0, 4.0, 4.0]
[89.0, 3.0, 4.0]

5

[60, 1.0, 4.0]
[61, 2.0, 4.0]
[55, 3.0, 3.0]
[56, 6.0, 0.0]
[52, 4.0, 2.0]
[51, 5.0, 1.0]
[155.0, 5.0, 5.0]
[145.0, 4.0, 5.0]

6

[60, 1.0, 4.0]
[61, 2.0, 4.0]
[55, 3.0, 3.0]
[56, 6.0, 0.0]
[52, 4.0, 2.0]
[51, 5.0, 1.0]
[155.0, 5.0, 5.0]
[145.0, 4.0, 5.0]
