selection file, result

1

[19930605, 19930811.0, 1.0]
[19930604, 19930810.0, 1.0]
[19930603, 19930809.0, 1.0]
[19930602, 19930808.0, 1.0]
[19930532, 19930807.0, 1.0]
[19930531, 19930806.0, 1.0]
[19930530, 19930805.0, 1.0]
[19930529, 19930804.0, 1.0]
[19930528, 19930803.0, 1.0]
[19930527, 19930802.0, 1.0]
[19930526, 19930801.0, 1.0]
[19930524, 19930730.0, 1.0]
[19930523, 19930729.0, 1.0]
[19930705.0, 19930910.0, 1.0]
[19940201.0, 19930714.0, 1.0]

2

[19930706, 19930911.0, 1.0]
[19930705, 19930910.0, 1.0]
[19930704, 19930908.0, 1.0]
[19930703, 19930907.0, 1.0]
[19930702, 19930906.0, 1.0]
[19930631, 19930905.0, 1.0]
[19930630, 19930904.0, 1.0]
[19930629, 19930903.0, 1.0]
[19930628, 19930902.0, 1.0]
[19930627, 19930901.0, 1.0]
[19930625, 19930830.0, 1.0]
[19930624, 19930829.0, 1.0]
[19930712.0, 19930917.0, 1.0]
[19940201.0, 19930906.0, 1.0]

3

[19930804, 19931010.0, 1.0]
[19930803, 19931009.0, 1.0]
[19930802, 19931008.0, 1.0]
[19930732, 19931007.0, 1.0]
[19930731, 19931006.0, 1.0]
[19930730, 19931005.0, 1.0]
[19930729, 19931004.0, 1.0]
[19930728, 19931003.0, 1.0]
[19930727, 19931002.0, 1.0]
[19930726, 19931001.0, 1.0]
[19930724, 19930929.0, 1.0]
[19930723, 19930928.0, 1.0]
[19930813.0, 19931018.0, 1.0]
[19940201.0, 19931005.0, 1.0]

4

[19930905, 19931109.0, 1.0]
[19930904, 19931108.0, 1.0]
[19930903, 19931107.0, 1.0]
[19930902, 19931106.0, 1.0]
[19930832, 19931105.0, 1.0]
[19930831, 19931104.0, 1.0]
[19930830, 19931103.0, 1.0]
[19930829, 19931102.0, 1.0]
[19930828, 19931101.0, 1.0]
[19930825, 19931030.0, 1.0]
[19930824, 19931029.0, 1.0]
[19930927.0, 19931201.0, 1.0]
[19940201.0, 19931020.0, 1.0]

5

[19931005, 19931210.0, 1.0]
[19931004, 19931209.0, 1.0]
[19931003, 19931208.0, 1.0]
[19931002, 19931207.0, 1.0]
[19930931, 19931206.0, 1.0]
[19930930, 19931205.0, 1.0]
[19930929, 19931204.0, 1.0]
[19930928, 19931202.0, 1.0]
[19930927, 19931201.0, 1.0]
[19930925, 19931129.0, 1.0]
[19930924, 19931128.0, 1.0]
[19931010.0, 19931216.0, 1.0]
[19940201.0, 19931206.0, 1.0]

6

[19931104, 19940110.0, 1.0]
[19931103, 19940109.0, 1.0]
[19931102, 19940108.0, 1.0]
[19931031, 19940107.0, 1.0]
[19931030, 19940105.0, 1.0]
[19931128.0, 19940201.0, 1.0]
[19931015, 19931220.0, 1.0]

7



8


