selection file, result

50

[100, 3.0, 1.0, 0.0]
[100, 3.0, 0.0, 1.0]
[100, 4.0, 1.0, 1.0]
[130, 3.0, 1.0, 1.0]

100

[100, 3.0, 1.0, 0.0]
[100, 3.0, 0.0, 1.0]
[100, 4.0, 1.0, 1.0]
[161, 3.0, 1.0, 1.0]

150

[100, 3.0, 1.0, 0.0]
[100, 3.0, 0.0, 1.0]
[100, 5.0, 1.0, 1.0]
[124, 4.0, 1.0, 1.0]
[167, 3.0, 1.0, 1.0]

200

[100, 3.0, 0.0, 0.0]
[100, 4.0, 1.0, 0.0]
[130, 3.0, 1.0, 0.0]
[196, 3.0, 1.0, 1.0]
[100, 5.0, 1.0, 1.0]
[162, 4.0, 1.0, 1.0]
[100, 4.0, 0.0, 1.0]
[107, 3.0, 0.0, 1.0]

250

[100, 3.0, 0.0, 0.0]
[100, 5.0, 1.0, 1.0]
[153, 4.0, 1.0, 0.0]
[202, 4.0, 1.0, 1.0]
[163, 3.0, 1.0, 0.0]
[232, 3.0, 1.0, 1.0]
[100, 4.0, 0.0, 1.0]
[177, 3.0, 0.0, 1.0]

300

[100, 3.0, 0.0, 0.0]
[100, 5.0, 1.0, 0.0]
[200, 3.0, 1.0, 0.0]
[318, 3.0, 1.0, 1.0]
[100, 6.0, 1.0, 1.0]
[162, 5.0, 1.0, 1.0]
[100, 5.0, 0.0, 1.0]
[202, 4.0, 0.0, 1.0]
[286, 3.0, 0.0, 1.0]
