selection file, result

1

[100, 3.0, 0.0, 0.0]
[100, 5.0, 1.0, 1.0]
[124, 4.0, 1.0, 0.0]
[165, 4.0, 1.0, 1.0]
[137, 3.0, 1.0, 0.0]
[202, 3.0, 1.0, 1.0]
[100, 4.0, 0.0, 1.0]
[161, 3.0, 0.0, 1.0]

2

[100, 3.0, 0.0, 1.0]
[100, 4.0, 1.0, 0.0]
[124, 3.0, 1.0, 0.0]
[190, 3.0, 1.0, 1.0]
[100, 5.0, 1.0, 1.0]
[161, 4.0, 1.0, 1.0]

3

[100, 3.0, 1.0, 0.0]
[100, 3.0, 0.0, 1.0]
[100, 5.0, 1.0, 1.0]
[135, 4.0, 1.0, 1.0]
[175, 3.0, 1.0, 1.0]

4

[100, 3.0, 1.0, 0.0]
[100, 3.0, 0.0, 1.0]
[100, 4.0, 1.0, 1.0]
[163, 3.0, 1.0, 1.0]

5

[100, 3.0, 1.0, 0.0]
[100, 3.0, 0.0, 1.0]
[100, 4.0, 1.0, 1.0]
[153, 3.0, 1.0, 1.0]

6

[100, 3.0, 1.0, 0.0]
[100, 3.0, 0.0, 1.0]
[100, 4.0, 1.0, 1.0]
[132, 3.0, 1.0, 1.0]
