selection file, result

1

[1, 0, 0, 0, 0, 19950217, 19950217]
[1, 0, 0, 0, 1, 19950315, 19950315]
[1, 0, 0, 1, 0.0, 19950218, 19950315]
[1, 0, 1, 0.0, 0.0, 19950218, 19950315]
[1, 1, 0.0, 0.0, 0.0, 19950218, 19950315]

2

[1, 0, 0, 0, 0, 19950213, 19950213]
[0, 0, 0, 0, 1, 19950315, 19950315]
[1, 0, 0, 0, 1, 19950331, 19950315]
[1, 0, 0, 1, 0.0, 19950214, 19950315]
[1, 0, 1, 0.0, 0.0, 19950214, 19950315]
[1, 1, 0.0, 0.0, 0.0, 19950214, 19950315]

3

[1, 0, 0, 0, 0, 19950211, 19950209]
[0, 0, 0, 0, 1, 19950315, 19950315]
[1, 0, 0, 0, 1, 19950213, 19950315]
[1, 0, 0, 1, 0.0, 19950212, 19950315]
[1, 0, 1, 0.0, 0.0, 19950212, 19950315]
[1, 1, 0.0, 0.0, 0.0, 19950212, 19950315]

4

[1, 0, 0, 0, 0, 19950209, 19950206]
[0, 0, 0, 0, 1, 19950315, 19950315]
[0.0, 0, 1, 0.0, 0.0, 19950420, 19950315]
[1, 0, 0, 0, 1, 19950220, 19950314]
[1, 0, 0, 1, 0.0, 19950210, 19950314]
[1, 0, 1, 0.0, 0.0, 19950210, 19950314]
[1, 1, 0.0, 0.0, 0.0, 19950210, 19950315]

5

[1, 0, 0, 0, 0, 19941225, 19941218]
[1, 0, 0, 0, 1, 19941231, 19950128]
[1, 0, 0, 1, 0.0, 19941227, 19950126]
[1, 0, 1, 0.0, 0.0, 19941227, 19950128]
[1, 1, 0.0, 0.0, 0.0, 19941227, 19950128]
[1, 1, 1.0, 0.0, 0.0, 19941227, 19950213.0]
[1, 0, 1, 1.0, 0.0, 19941227, 19950212.0]
[1, 0, 0, 1, 1.0, 19941227, 19950212.0]
[1, 0, 1, 0.0, 1.0, 19941227, 19950129.0]

6

[1, 0, 0, 0, 0, 19941202, 19941123]
[1, 0, 0, 0, 1, 19941231, 19950102]
[1, 0, 0, 1, 0.0, 19941204, 19950102]
[1, 0, 1, 0.0, 0.0, 19941204, 19950103]
[1, 1, 0.0, 0.0, 0.0, 19941204, 19950102]
[1, 1, 1.0, 0.0, 0.0, 19941204, 19950120.0]
[1, 0, 1, 1.0, 0.0, 19941204, 19950119.0]
[1, 1, 0.0, 1.0, 0.0, 19941204, 19950104.0]
[1, 0, 0, 1, 1.0, 19941204, 19950119.0]

7

[1, 0, 0, 0, 0, 19941103, 19941024]
[1, 0, 0, 0, 1, 19941210, 19941202]
[1, 0, 0, 1, 0.0, 19941105, 19941202]
[1, 0, 1, 0.0, 0.0, 19941105, 19941202]
[1, 1, 0.0, 0.0, 0.0, 19941105, 19941202]
[1, 1, 1.0, 0.0, 0.0, 19941105, 19941219.0]
[1, 0, 1, 1.0, 0.0, 19941105, 19941219.0]
[1, 0, 0, 1, 1.0, 19941105, 19941219.0]
[1, 0, 1, 0.0, 1.0, 19941105, 19941204.0]
[1, 1, 0.0, 0.0, 1.0, 19941105, 19941204.0]

8

[0.0, 0, 0, 1, 0.0, 19950315, 19950315]
[0.0, 0, 1, 0.0, 0.0, 19950315, 19950315]
[0.0, 1, 0.0, 0.0, 0.0, 19950315, 19950315]
[0.0, 0, 0, 0, 1.0, 19950315, 19950315]
