selection file, result

0

[1, 0, 1, 1, 96, 4]
[1, 1, 0.0, 1, 103, 4]
[1, 1.0, 0.0, 0, 100, 0]
[1, 0, 1.0, 0, 100, 0]
[0, 0, 1.0, 1.0, 103, 1]
[1, 1.0, 0.0, 1, 132.0, 3.0]
[1, 0, 1.0, 1, 132.0, 3.0]

1

[1, 0, 1, 1, 96, 4]
[1, 1, 0.0, 1, 103, 4]
[1, 1.0, 0.0, 0, 100, 1]
[0, 1.0, 0.0, 1.0, 97, 1]
[1, 0, 1.0, 0, 100, 1]
[0, 0, 1.0, 1.0, 103, 1]
[1, 1.0, 0.0, 1, 132.0, 3.0]
[1, 0, 1.0, 1, 132.0, 3.0]

2

[1, 0, 1, 1, 96, 4]
[1, 1, 0.0, 1, 103, 4]
[1, 1.0, 0.0, 0, 100, 2]
[0, 1.0, 0.0, 1.0, 97, 2]
[1, 0, 1.0, 0, 100, 2]
[0, 0, 1.0, 1.0, 103, 2]
[1, 0, 1.0, 1, 179, 2.0]
[1, 0, 1.0, 1, 181.0, 0.0]

3

[1, 1, 0.0, 1, 103, 4]
[1, 1.0, 0.0, 0, 100, 3]
[0, 1.0, 0.0, 1.0, 97, 3]
[1, 1.0, 0.0, 1, 137, 3.0]
[1, 0, 1.0, 0, 100, 3]
[0, 0, 1.0, 1.0, 103, 3]
[1, 0, 1.0, 1, 137, 3.0]
[1, 1.0, 0.0, 1, 137.0, 2.0]
[1, 0, 1.0, 1, 96.0, 2.0]

4

[1, 0, 1, 1, 96, 4]
[1, 1, 0.0, 1, 100, 4]
[1, 0, 1.0, 0, 100, 3]

5

[1, 0, 1, 1, 96, 4]
[1, 1, 0.0, 1, 100, 5]
[1, 0, 1.0, 0, 100, 3]

6

[1, 0, 1, 1, 96, 4]
[1, 1, 0.0, 1, 100, 5]
[1, 0, 1.0, 0, 100, 3]

7

[1, 0, 1, 1, 96, 4]
[1, 1, 0.0, 1, 100, 5]
[1, 0, 1.0, 0, 100, 3]
