selection file, result

2

[1, 0, 0, 0, 0, 0, 1, 19950119, 19960327]
[1, 0, 0, 0, 0, 0, 0, 19950101.0, 19960326]
[1, 0, 1, 1, 1, 1, 1.0, 19950117.0, 19950529]
[1, 1, 0.0, 1, 1, 1, 1.0, 19950117.0, 19950529]
[0, 0.0, 0.0, 0, 0, 0, 1.0, 19950117.0, 19960326]
[0.0, 0.0, 0.0, 0, 1, 0, 1.0, 19950117.0, 19960101]
[0.0, 0.0, 0.0, 1, 0.0, 0, 1.0, 19950117.0, 19960325]
[0, 1.0, 0.0, 0.0, 0, 0, 1.0, 19950117.0, 19951028]
[0.0, 1.0, 0.0, 0.0, 1, 0, 1.0, 19950117.0, 19950813]
[0, 1.0, 0.0, 1.0, 0.0, 0, 1.0, 19950117.0, 19950812]
[0, 1.0, 0.0, 1.0, 1.0, 0.0, 1.0, 19950117.0, 19950628]
[1, 1, 1.0, 0.0, 1, 1, 1.0, 19950117.0, 19950531]
[0, 0.0, 1.0, 0.0, 0, 0, 1.0, 19950117.0, 19951029]
[0.0, 0.0, 1.0, 0.0, 1, 0, 1.0, 19950117.0, 19950813]
[0, 1.0, 1.0, 0.0, 0.0, 0, 1.0, 19950117.0, 19950813]
[0, 1.0, 1.0, 0.0, 1.0, 0.0, 1.0, 19950117.0, 19950630]
[1, 1, 1.0, 1.0, 0.0, 1, 1.0, 19950117.0, 19950529]
[0, 0.0, 1.0, 1.0, 0.0, 0, 1.0, 19950117.0, 19950813]
[0, 1.0, 1.0, 1.0, 0.0, 0.0, 1.0, 19950117.0, 19950628]
[1, 1, 1.0, 1.0, 1.0, 0.0, 1.0, 19950117.0, 19950531]
[0, 0.0, 1.0, 1.0, 1.0, 0.0, 1.0, 19950117.0, 19950628]
[1, 1, 1.0, 1.0, 1.0, 1.0, 1.0, 19950117.0, 19950509]
[1, 0, 0, 0, 1, 0, 0.0, 19950117.0, 19960101]
[1, 0, 0, 1, 0.0, 0, 0.0, 19950117.0, 19960325]
[1, 0, 1, 0.0, 0.0, 0, 0.0, 19950117.0, 19960325]
[1, 1, 0.0, 0.0, 0.0, 0, 0.0, 19950117.0, 19960325]

3

[1, 0, 0, 0, 0, 0, 1, 19941212, 19960217]
[1, 0, 0, 0, 0, 0, 0, 19940608.0, 19960215]
[1, 0, 0, 1, 1, 1, 1.0, 19941210.0, 19950521]
[1, 0, 1, 0.0, 1, 1, 1.0, 19941210.0, 19950523]
[1, 1, 0.0, 0.0, 1, 1, 1.0, 19941210.0, 19950523]
[0, 0.0, 0.0, 0.0, 0, 0, 1.0, 19941210.0, 19960215]
[0.0, 0.0, 0.0, 0.0, 1, 0, 1.0, 19941210.0, 19960101]
[0, 1.0, 0.0, 0.0, 0.0, 0, 1.0, 19941210.0, 19950920]
[0, 1.0, 0.0, 0.0, 1.0, 0.0, 1.0, 19941210.0, 19950707]
[1, 1, 1.0, 0.0, 0.0, 1, 1.0, 19941210.0, 19950523]
[0, 0.0, 1.0, 0.0, 0.0, 0, 1.0, 19941210.0, 19950920]
[0, 1.0, 1.0, 0.0, 0.0, 0.0, 1.0, 19941210.0, 19950707]
[1, 1, 1.0, 0.0, 1.0, 0.0, 1.0, 19941210.0, 19950523]
[0, 0.0, 1.0, 0.0, 1.0, 0.0, 1.0, 19941210.0, 19950705]
[1, 1, 1.0, 0.0, 1.0, 1.0, 1.0, 19941210.0, 19950423]
[1, 0, 1, 1.0, 0.0, 1, 1.0, 19941210.0, 19950521]
[1, 1, 0.0, 1.0, 0.0, 1, 1.0, 19941210.0, 19950521]
[0, 0.0, 0.0, 1.0, 0.0, 0, 1.0, 19941210.0, 19950918]
[0, 1.0, 0.0, 1.0, 0.0, 0.0, 1.0, 19941210.0, 19950705]
[1, 1, 1.0, 1.0, 0.0, 0.0, 1.0, 19941210.0, 19950521]
[0, 0.0, 1.0, 1.0, 0.0, 0.0, 1.0, 19941210.0, 19950705]
[1, 1, 1.0, 1.0, 0.0, 1.0, 1.0, 19941210.0, 19950423]
[1, 0, 1, 1.0, 1.0, 0.0, 1.0, 19941210.0, 19950521]
[1, 1, 0.0, 1.0, 1.0, 0.0, 1.0, 19941210.0, 19950523]
[0, 0.0, 0.0, 1.0, 1.0, 0.0, 1.0, 19941210.0, 19950705]
[1, 1, 1.0, 1.0, 1.0, 0.0, 1.0, 19941210.0, 19950423]
[1, 0, 1, 1.0, 1.0, 1.0, 1.0, 19941210.0, 19950422]
[1, 1, 0.0, 1.0, 1.0, 1.0, 1.0, 19941210.0, 19950521]
[1, 0, 0, 0, 1, 0, 0.0, 19941210.0, 19960101]
[1, 0, 0, 1, 0.0, 0, 0.0, 19941210.0, 19960214]
[1, 0, 1, 0.0, 0.0, 0, 0.0, 19941210.0, 19960214]
[1, 1, 0.0, 0.0, 0.0, 0, 0.0, 19941210.0, 19960214]

4

[1, 0, 0, 0, 0, 0, 1, 19941104, 19960107]
[1, 0, 0, 0, 0, 0, 0, 19940324.0, 19960105]
[1, 0, 0, 0, 1, 1, 1.0, 19941102.0, 19950529]
[1, 0, 0, 1, 0.0, 1, 1.0, 19941102.0, 19950526]
[1, 0, 1, 0.0, 0.0, 1, 1.0, 19941102.0, 19950529]
[1, 1, 0.0, 0.0, 0.0, 1, 1.0, 19941102.0, 19950529]
[0, 0.0, 0.0, 0.0, 0.0, 0, 1.0, 19941102.0, 19960105]
[0, 1.0, 0.0, 0.0, 0.0, 0.0, 1.0, 19941102.0, 19950812]
[1, 1, 1.0, 0.0, 0.0, 0.0, 1.0, 19941102.0, 19950531]
[0, 0.0, 1.0, 0.0, 0.0, 0.0, 1.0, 19941102.0, 19950813]
[1, 1, 1.0, 0.0, 0.0, 1.0, 1.0, 19941102.0, 19950416]
[1, 0, 1, 1.0, 0.0, 0.0, 1.0, 19941102.0, 19950529]
[1, 1, 0.0, 1.0, 0.0, 0.0, 1.0, 19941102.0, 19950529]
[0, 0.0, 0.0, 1.0, 0.0, 0.0, 1.0, 19941102.0, 19950810]
[1, 1, 1.0, 1.0, 0.0, 0.0, 1.0, 19941102.0, 19950416]
[1, 0, 1, 1.0, 0.0, 1.0, 1.0, 19941102.0, 19950414]
[1, 1, 0.0, 1.0, 0.0, 1.0, 1.0, 19941102.0, 19950526]
[1, 0, 0, 1, 1.0, 0.0, 1.0, 19941102.0, 19950529]
[1, 0, 1, 0.0, 1.0, 0.0, 1.0, 19941102.0, 19950531]
[1, 1, 0.0, 0.0, 1.0, 0.0, 1.0, 19941102.0, 19950531]
[0, 0.0, 0.0, 0.0, 1.0, 0.0, 1.0, 19941102.0, 19950810]
[1, 1, 1.0, 0.0, 1.0, 0.0, 1.0, 19941102.0, 19950416]
[1, 0, 1, 1.0, 1.0, 0.0, 1.0, 19941102.0, 19950415]
[1, 1, 0.0, 1.0, 1.0, 0.0, 1.0, 19941102.0, 19950528]
[1, 0, 0, 1, 1.0, 1.0, 1.0, 19941102.0, 19950413]
[1, 0, 1, 0.0, 1.0, 1.0, 1.0, 19941102.0, 19950528]
[1, 1, 0.0, 0.0, 1.0, 1.0, 1.0, 19941102.0, 19950528]
[1, 0, 0, 0, 1, 0, 0.0, 19941102.0, 19960101]
[1, 0, 0, 1, 0.0, 0, 0.0, 19941102.0, 19960104]
[1, 0, 1, 0.0, 0.0, 0, 0.0, 19941102.0, 19960104]
[1, 1, 0.0, 0.0, 0.0, 0, 0.0, 19941102.0, 19960104]
[1, 0, 0, 0, 0, 0, 0, 19940324, 19960101]
[1, 0, 0, 0, 0, 1, 1.0, 19941104, 19960106]
[1, 0, 0, 0, 1, 0.0, 1.0, 19941104, 19960106]
[1, 0, 0, 1, 0.0, 0.0, 1.0, 19941104, 19960106]
[1, 0, 1, 0.0, 0.0, 0.0, 1.0, 19941104, 19960106]
[1, 1, 0.0, 0.0, 0.0, 0.0, 1.0, 19941104, 19960106]

5

[1, 0, 0, 0, 0, 0, 1, 19940927, 19951201]
[1, 0, 0, 0, 0, 0, 0, 19940108.0, 19951128]
[1, 0, 0, 0, 1, 1, 1.0, 19940925.0, 19950420]
[1, 0, 0, 1, 0.0, 1, 1.0, 19940925.0, 19950418]
[1, 0, 1, 0.0, 0.0, 1, 1.0, 19940925.0, 19950420]
[1, 1, 0.0, 0.0, 0.0, 1, 1.0, 19940925.0, 19950422]
[0, 0.0, 0.0, 0.0, 0.0, 0, 1.0, 19940925.0, 19951128]
[0, 1.0, 0.0, 0.0, 0.0, 0.0, 1.0, 19940925.0, 19950707]
[1, 1, 1.0, 0.0, 0.0, 0.0, 1.0, 19940925.0, 19950423]
[0, 0.0, 1.0, 0.0, 0.0, 0.0, 1.0, 19940925.0, 19950705]
[1, 1, 1.0, 0.0, 0.0, 1.0, 1.0, 19940925.0, 19950307]
[1, 0, 1, 1.0, 0.0, 0.0, 1.0, 19940925.0, 19950420]
[1, 1, 0.0, 1.0, 0.0, 0.0, 1.0, 19940925.0, 19950422]
[0, 0.0, 0.0, 1.0, 0.0, 0.0, 1.0, 19940925.0, 19950703]
[1, 1, 1.0, 1.0, 0.0, 0.0, 1.0, 19940925.0, 19950307]
[1, 0, 1, 1.0, 0.0, 1.0, 1.0, 19940925.0, 19950305]
[1, 1, 0.0, 1.0, 0.0, 1.0, 1.0, 19940925.0, 19950418]
[1, 0, 0, 1, 1.0, 0.0, 1.0, 19940925.0, 19950420]
[1, 0, 1, 0.0, 1.0, 0.0, 1.0, 19940925.0, 19950422]
[1, 1, 0.0, 0.0, 1.0, 0.0, 1.0, 19940925.0, 19950423]
[0, 0.0, 0.0, 0.0, 1.0, 0.0, 1.0, 19940925.0, 19950705]
[1, 1, 1.0, 0.0, 1.0, 0.0, 1.0, 19940925.0, 19950307]
[1, 0, 1, 1.0, 1.0, 0.0, 1.0, 19940925.0, 19950306]
[1, 1, 0.0, 1.0, 1.0, 0.0, 1.0, 19940925.0, 19950419]
[1, 0, 0, 1, 1.0, 1.0, 1.0, 19940925.0, 19950305]
[1, 0, 1, 0.0, 1.0, 1.0, 1.0, 19940925.0, 19950419]
[1, 1, 0.0, 0.0, 1.0, 1.0, 1.0, 19940925.0, 19950419]
[1, 0, 0, 0, 1, 0, 0.0, 19940925.0, 19950705]
[1, 0, 0, 1, 0.0, 0, 0.0, 19940925.0, 19951128]
[1, 0, 1, 0.0, 0.0, 0, 0.0, 19940925.0, 19951128]
[1, 1, 0.0, 0.0, 0.0, 0, 0.0, 19940925.0, 19951128]

6

[1, 0, 0, 0, 0, 0, 1, 19940820, 19951026]
[1, 0, 0, 0, 0, 0, 0, 19940101.0, 19951023]
[1, 0, 0, 0, 0, 1, 1.0, 19940818.0, 19950526]
[1, 0, 0, 0, 1, 0.0, 1.0, 19940818.0, 19950529]
[1, 0, 0, 1, 0.0, 0.0, 1.0, 19940818.0, 19950526]
[1, 0, 1, 0.0, 0.0, 0.0, 1.0, 19940818.0, 19950528]
[1, 1, 0.0, 0.0, 0.0, 0.0, 1.0, 19940818.0, 19950529]
[0, 0.0, 0.0, 0.0, 0.0, 0.0, 1.0, 19940818.0, 19951023]
[1, 1, 1.0, 0.0, 0.0, 0.0, 1.0, 19940818.0, 19950314]
[1, 0, 1, 1.0, 0.0, 0.0, 1.0, 19940818.0, 19950312]
[1, 1, 0.0, 1.0, 0.0, 0.0, 1.0, 19940818.0, 19950525]
[1, 0, 0, 1, 1.0, 0.0, 1.0, 19940818.0, 19950312]
[1, 0, 0, 0, 1, 1.0, 1.0, 19940818.0, 19950313]
[1, 0, 0, 0, 0, 0, 0, 19940101, 19950311]

7

[1, 0, 0, 0, 0, 0, 1, 19940714, 19950918]
[1, 0, 0, 0, 0, 0, 0, 19940101.0, 19950915]
[1, 0, 0, 0, 0, 1, 1.0, 19940712.0, 19950420]
[1, 0, 0, 0, 1, 0.0, 1.0, 19940712.0, 19950422]
[1, 0, 0, 1, 0.0, 0.0, 1.0, 19940712.0, 19950418]
[1, 0, 1, 0.0, 0.0, 0.0, 1.0, 19940712.0, 19950420]
[1, 1, 0.0, 0.0, 0.0, 0.0, 1.0, 19940712.0, 19950422]
[0, 0.0, 0.0, 0.0, 0.0, 0.0, 1.0, 19940712.0, 19950915]
[1, 1, 1.0, 0.0, 0.0, 0.0, 1.0, 19940712.0, 19950204]
[1, 0, 1, 1.0, 0.0, 0.0, 1.0, 19940712.0, 19950203]
[1, 1, 0.0, 1.0, 0.0, 0.0, 1.0, 19940712.0, 19950418]
[1, 0, 0, 1, 1.0, 0.0, 1.0, 19940712.0, 19950204]
[1, 0, 0, 0, 1, 1.0, 1.0, 19940712.0, 19950205]
[1, 0, 0, 0, 0, 0, 0, 19940101, 19950311]

8

[1, 0, 0, 0, 0, 0, 1, 19940607, 19950813]
[1, 0, 0, 0, 0, 0, 0, 19940101.0, 19950810]
[1, 0, 0, 0, 0, 1, 1.0, 19940605.0, 19950314]
[1, 0, 0, 0, 1, 0.0, 1.0, 19940605.0, 19950314]
[1, 0, 0, 1, 0.0, 0.0, 1.0, 19940605.0, 19950313]
[1, 0, 1, 0.0, 0.0, 0.0, 1.0, 19940605.0, 19950314]
[1, 1, 0.0, 0.0, 0.0, 0.0, 1.0, 19940605.0, 19950314]
[0, 0.0, 0.0, 0.0, 0.0, 0.0, 1.0, 19940605.0, 19950810]
[1, 1, 1.0, 0.0, 0.0, 0.0, 1.0, 19940605.0, 19950101]
[1, 0, 1, 1.0, 0.0, 0.0, 1.0, 19940605.0, 19950101]
[1, 1, 0.0, 1.0, 0.0, 0.0, 1.0, 19940605.0, 19950311]
[1, 0, 0, 1, 1.0, 0.0, 1.0, 19940605.0, 19950101]
[1, 0, 1, 0.0, 1.0, 0.0, 1.0, 19940605.0, 19950313]
[1, 1, 0.0, 0.0, 1.0, 0.0, 1.0, 19940605.0, 19950313]
[1, 0, 0, 0, 1, 1.0, 1.0, 19940605.0, 19950101]
[1, 0, 0, 0, 0, 0, 0, 19940101, 19950311]

9

[1, 0, 0, 0, 0, 0, 1, 19940518, 19950725]
[1, 0, 0, 0, 0, 0, 0, 19940101.0, 19950722]
[1, 0, 0, 0, 0, 1, 1.0, 19940516.0, 19950223]
[1, 0, 0, 0, 1, 0.0, 1.0, 19940516.0, 19950223]
[1, 0, 0, 1, 0.0, 0.0, 1.0, 19940516.0, 19950220]
[1, 0, 1, 0.0, 0.0, 0.0, 1.0, 19940516.0, 19950223]
[1, 1, 0.0, 0.0, 0.0, 0.0, 1.0, 19940516.0, 19950225]
[0, 0.0, 0.0, 0.0, 0.0, 0.0, 1.0, 19940516.0, 19950722]
[1, 1, 1.0, 0.0, 0.0, 0.0, 1.0, 19940516.0, 19950101]
[1, 0, 1, 1.0, 0.0, 0.0, 1.0, 19940516.0, 19950101]
[1, 1, 0.0, 1.0, 0.0, 0.0, 1.0, 19940516.0, 19950219]
[1, 0, 0, 1, 1.0, 0.0, 1.0, 19940516.0, 19950101]
[1, 0, 1, 0.0, 1.0, 0.0, 1.0, 19940516.0, 19950222]
[1, 1, 0.0, 0.0, 1.0, 0.0, 1.0, 19940516.0, 19950222]
[1, 0, 0, 0, 1, 1.0, 1.0, 19940516.0, 19950101]
[1, 0, 0, 0, 0, 0, 0, 19940101, 19950311]
