selection file, result

0

[19950106.0, 19950427, 1.0]
[19950107.0, 19950428, 1.0]
[19950108.0, 19950429, 1.0]
[19950109.0, 19950430, 1.0]
[19950111.0, 19950502, 1.0]
[19950113.0, 19950503, 1.0]
[19950104.0, 19950425, 1.0]
[19950105.0, 19950426, 1.0]

1

[19950113.0, 19950503, 1.0]
[19950114.0, 19950504, 1.0]
[19950115.0, 19950505, 1.0]
[19950116.0, 19950506, 1.0]
[19950117.0, 19950507, 1.0]
[19950118.0, 19950508, 1.0]
[19950119.0, 19950509, 1.0]
[19950120.0, 19950510, 1.0]
[19950121.0, 19950512, 1.0]
[19950122.0, 19950513, 1.0]
[19950123.0, 19950514, 1.0]
[19950124.0, 19950515, 1.0]
[19950125.0, 19950516, 1.0]
[19950126.0, 19950517, 1.0]
[19950127.0, 19950518, 1.0]
[19950128.0, 19950519, 1.0]
[19950129.0, 19950520, 1.0]
[19950130.0, 19950521, 1.0]
[19950201.0, 19950523, 1.0]
[19950203.0, 19950524, 1.0]
[19950109.0, 19950430, 1.0]
[19950108.0, 19950429, 1.0]

2

[19950120.0, 19950510, 1.0]
[19950121.0, 19950512, 1.0]
[19950122.0, 19950513, 1.0]
[19950123.0, 19950514, 1.0]
[19950124.0, 19950515, 1.0]
[19950125.0, 19950516, 1.0]
[19950126.0, 19950517, 1.0]
[19950127.0, 19950518, 1.0]
[19950128.0, 19950519, 1.0]
[19950129.0, 19950520, 1.0]
[19950130.0, 19950521, 1.0]
[19950201.0, 19950523, 1.0]
[19950203.0, 19950524, 1.0]
[19950118.0, 19950508, 1.0]
[19950119.0, 19950509, 1.0]

3

[19950127.0, 19950518, 1.0]
[19950128.0, 19950519, 1.0]
[19950129.0, 19950520, 1.0]
[19950130.0, 19950521, 1.0]
[19950201.0, 19950523, 1.0]
[19950203.0, 19950524, 1.0]
[19950125.0, 19950516, 1.0]
[19950126.0, 19950517, 1.0]

4

[19950205.0, 19950526, 1.0]
[19950206.0, 19950527, 1.0]
[19950207.0, 19950528, 1.0]
[19950208.0, 19950529, 1.0]
[19950209.0, 19950530, 1.0]
[19950212.0, 19950602, 1.0]
[19950213.0, 19950603, 1.0]
[19950203.0, 19950524, 1.0]
[19950130.0, 19950521, 1.0]
[19950204.0, 19950525, 1.0]

5

[19950212.0, 19950602, 1.0]
[19950213.0, 19950603, 1.0]
[19950214.0, 19950605, 1.0]
[19950215.0, 19950606, 1.0]
[19950216.0, 19950607, 1.0]
[19950217.0, 19950608, 1.0]
[19950218.0, 19950609, 1.0]
[19950219.0, 19950610, 1.0]
[19950220.0, 19950611, 1.0]
[19950221.0, 19950618, 1.0]
[19950222.0, 19950619, 1.0]
[19950223.0, 19950620, 1.0]
[19950224.0, 19950621, 1.0]
[19950225.0, 19950622, 1.0]
[19950226.0, 19950623, 1.0]
[19950227.0, 19950624, 1.0]
[19950301.0, 19950626, 1.0]
[19950302.0, 19950627, 1.0]
[19950209.0, 19950530, 1.0]

6

[19950219.0, 19950610, 1.0]
[19950220.0, 19950611, 1.0]
[19950221.0, 19950618, 1.0]
[19950222.0, 19950619, 1.0]
[19950223.0, 19950620, 1.0]
[19950224.0, 19950621, 1.0]
[19950225.0, 19950622, 1.0]
[19950226.0, 19950623, 1.0]
[19950227.0, 19950624, 1.0]
[19950301.0, 19950626, 1.0]
[19950302.0, 19950627, 1.0]
[19950217.0, 19950608, 1.0]
[19950215.0, 19950606, 1.0]
[19950213.0, 19950603, 1.0]
[19950218.0, 19950609, 1.0]

7

[19950224.0, 19950621, 1.0]
[19950225.0, 19950622, 1.0]
[19950226.0, 19950623, 1.0]
[19950227.0, 19950624, 1.0]
[19950301.0, 19950626, 1.0]
[19950302.0, 19950627, 1.0]
[19950222.0, 19950619, 1.0]
[19950220.0, 19950611, 1.0]
[19950223.0, 19950620, 1.0]

8

[19950304.0, 19950629, 1.0]
[19950305.0, 19950630, 1.0]
[19950307.0, 19950702, 1.0]
[19950308.0, 19950703, 1.0]
[19950302.0, 19950627, 1.0]
[19950227.0, 19950624, 1.0]
[19950303.0, 19950628, 1.0]
