selection file, result

1

[19950121.0, 19950512, 1.0]
[19950122.0, 19950513, 1.0]
[19950123.0, 19950514, 1.0]
[19950124.0, 19950515, 1.0]
[19950125.0, 19950516, 1.0]
[19950126.0, 19950517, 1.0]
[19950127.0, 19950518, 1.0]
[19950128.0, 19950519, 1.0]
[19950129.0, 19950520, 1.0]
[19950130.0, 19950521, 1.0]
[19950201.0, 19950523, 1.0]
[19950203.0, 19950524, 1.0]
[19950120.0, 19950510, 1.0]

2

[19950121.0, 19950512, 1.0]
[19950122.0, 19950513, 1.0]
[19950123.0, 19950514, 1.0]
[19950124.0, 19950515, 1.0]
[19950125.0, 19950516, 1.0]
[19950126.0, 19950517, 1.0]
[19950127.0, 19950518, 1.0]
[19950128.0, 19950519, 1.0]
[19950129.0, 19950520, 1.0]
[19950130.0, 19950521, 1.0]
[19950201.0, 19950523, 1.0]
[19950203.0, 19950524, 1.0]
[19950120.0, 19950510, 1.0]

3

[19950121.0, 19950512, 1.0]
[19950122.0, 19950513, 1.0]
[19950123.0, 19950514, 1.0]
[19950124.0, 19950515, 1.0]
[19950125.0, 19950516, 1.0]
[19950126.0, 19950517, 1.0]
[19950127.0, 19950518, 1.0]
[19950128.0, 19950519, 1.0]
[19950129.0, 19950520, 1.0]
[19950130.0, 19950521, 1.0]
[19950201.0, 19950523, 1.0]
[19950203.0, 19950524, 1.0]
[19950120.0, 19950510, 1.0]

4

[19950121.0, 19950512, 1.0]
[19950122.0, 19950513, 1.0]
[19950123.0, 19950514, 1.0]
[19950124.0, 19950515, 1.0]
[19950125.0, 19950516, 1.0]
[19950126.0, 19950517, 1.0]
[19950127.0, 19950518, 1.0]
[19950128.0, 19950519, 1.0]
[19950129.0, 19950520, 1.0]
[19950130.0, 19950521, 1.0]
[19950201.0, 19950523, 1.0]
[19950203.0, 19950524, 1.0]
[19950120.0, 19950510, 1.0]

5

[19950121.0, 19950512, 1.0]
[19950122.0, 19950513, 1.0]
[19950123.0, 19950514, 1.0]
[19950124.0, 19950515, 1.0]
[19950125.0, 19950516, 1.0]
[19950126.0, 19950517, 1.0]
[19950127.0, 19950518, 1.0]
[19950128.0, 19950519, 1.0]
[19950129.0, 19950520, 1.0]
[19950130.0, 19950521, 1.0]
[19950201.0, 19950523, 1.0]
[19950203.0, 19950524, 1.0]
[19950120.0, 19950510, 1.0]

6

[19950121.0, 19950512, 1.0]
[19950122.0, 19950513, 1.0]
[19950123.0, 19950514, 1.0]
[19950124.0, 19950515, 1.0]
[19950125.0, 19950516, 1.0]
[19950126.0, 19950517, 1.0]
[19950127.0, 19950518, 1.0]
[19950128.0, 19950519, 1.0]
[19950129.0, 19950520, 1.0]
[19950130.0, 19950521, 1.0]
[19950201.0, 19950523, 1.0]
[19950203.0, 19950524, 1.0]
[19950120.0, 19950510, 1.0]

7

[19950121.0, 19950512, 1.0]
[19950122.0, 19950513, 1.0]
[19950123.0, 19950514, 1.0]
[19950124.0, 19950515, 1.0]
[19950125.0, 19950516, 1.0]
[19950126.0, 19950517, 1.0]
[19950127.0, 19950518, 1.0]
[19950128.0, 19950519, 1.0]
[19950129.0, 19950520, 1.0]
[19950130.0, 19950521, 1.0]
[19950201.0, 19950523, 1.0]
[19950203.0, 19950524, 1.0]
[19950120.0, 19950510, 1.0]

8

[19950121.0, 19950512, 1.0]
[19950122.0, 19950513, 1.0]
[19950123.0, 19950514, 1.0]
[19950124.0, 19950515, 1.0]
[19950125.0, 19950516, 1.0]
[19950126.0, 19950517, 1.0]
[19950127.0, 19950518, 1.0]
[19950128.0, 19950519, 1.0]
[19950129.0, 19950520, 1.0]
[19950130.0, 19950521, 1.0]
[19950201.0, 19950523, 1.0]
[19950203.0, 19950524, 1.0]
[19950120.0, 19950510, 1.0]
