selection file, result

1

[80.0, 19.0, 1.0, 0.0, 1.0]
[77.0, 18.0, 1.0, 1.0, 1.0]
[70.0, 18.0, 0.0, 1.0, 1.0]
[65.0, 18.0, 0.0, 0.0, 1.0]
[65.0, 18.0, 0.0, 1.0, 0.0]
[70.0, 16.0, 1.0, 0.0, 1.0]
[64.0, 16.0, 0.0, 1.0, 1.0]
[60.0, 16.0, 0.0, 0.0, 1.0]
[55.0, 16.0, 0.0, 0.0, 0.0]
[60.0, 16.0, 0.0, 1.0, 0.0]
[70.0, 16.0, 1.0, 1.0, 0.0]
[65.0, 16.0, 1.0, 0.0, 0.0]
[72.0, 18.0, 1.0, 0.0, 1.0]
[70.0, 18.0, 1.0, 0.0, 0.0]
[72.0, 18.0, 1.0, 1.0, 0.0]
[72.0, 17.0, 1.0, 1.0, 1.0]
[65.0, 17.0, 0.0, 1.0, 1.0]
[60.0, 17.0, 0.0, 0.0, 0.0]
[67.0, 17.0, 1.0, 0.0, 0.0]
[80.0, 20.0, 0.0, 1.0, 1.0]
[75.0, 19.0, 0.0, 1.0, 1.0]
[70.0, 19.0, 0.0, 0.0, 1.0]
[70.0, 19.0, 0.0, 1.0, 0.0]
[80.0, 21.0, 0.0, 0.0, 1.0]
[72.0, 20.0, 0.0, 0.0, 1.0]
[62.0, 20.0, 0.0, 0.0, 0.0]
[68.0, 22.0, 0.0, 0.0, 0.0]
[66.0, 21.0, 0.0, 0.0, 0.0]
[80.0, 21.0, 0.0, 1.0, 0.0]
[72.0, 20.0, 0.0, 1.0, 0.0]
[80.0, 19.0, 1.0, 1.0, 0.0]
[80.0, 20.0, 1.0, 0.0, 0.0]
[75.0, 19.0, 1.0, 0.0, 0.0]

2

[80.0, 19.0, 1.0, 0.0, 1.0]
[75.0, 18.0, 1.0, 1.0, 1.0]
[70.0, 18.0, 0.0, 1.0, 1.0]
[60.0, 18.0, 0.0, 0.0, 0.0]
[65.0, 18.0, 0.0, 1.0, 0.0]
[70.0, 16.0, 1.0, 1.0, 0.0]
[60.0, 16.0, 0.0, 0.0, 1.0]
[60.0, 16.0, 0.0, 1.0, 0.0]
[55.0, 16.0, 0.0, 0.0, 0.0]
[66.0, 16.0, 1.0, 0.0, 1.0]
[61.0, 16.0, 1.0, 0.0, 0.0]
[72.0, 18.0, 1.0, 0.0, 1.0]
[70.0, 18.0, 1.0, 0.0, 0.0]
[72.0, 18.0, 1.0, 1.0, 0.0]
[70.0, 17.0, 1.0, 0.0, 1.0]
[65.0, 17.0, 0.0, 1.0, 1.0]
[56.0, 17.0, 0.0, 0.0, 0.0]
[65.0, 17.0, 1.0, 0.0, 0.0]
[80.0, 20.0, 0.0, 1.0, 1.0]
[75.0, 19.0, 0.0, 1.0, 1.0]
[70.0, 19.0, 0.0, 0.0, 1.0]
[70.0, 19.0, 0.0, 1.0, 0.0]
[80.0, 21.0, 0.0, 0.0, 1.0]
[68.0, 22.0, 0.0, 0.0, 0.0]
[65.0, 21.0, 0.0, 0.0, 0.0]
[80.0, 22.0, 0.0, 1.0, 0.0]
[76.0, 21.0, 0.0, 1.0, 0.0]
[72.0, 20.0, 0.0, 1.0, 0.0]
[80.0, 19.0, 1.0, 1.0, 0.0]
[80.0, 21.0, 1.0, 0.0, 0.0]
[77.0, 20.0, 1.0, 0.0, 0.0]
[74.0, 19.0, 1.0, 0.0, 0.0]

3

[80.0, 19.0, 1.0, 1.0, 0.0]
[72.0, 18.0, 1.0, 1.0, 1.0]
[70.0, 18.0, 0.0, 1.0, 1.0]
[60.0, 18.0, 0.0, 0.0, 0.0]
[70.0, 16.0, 1.0, 1.0, 1.0]
[60.0, 16.0, 0.0, 0.0, 1.0]
[60.0, 16.0, 0.0, 1.0, 0.0]
[52.0, 16.0, 0.0, 0.0, 0.0]
[65.0, 16.0, 1.0, 0.0, 1.0]
[60.0, 16.0, 1.0, 0.0, 0.0]
[65.0, 16.0, 1.0, 1.0, 0.0]
[70.0, 18.0, 1.0, 0.0, 0.0]
[70.0, 17.0, 1.0, 1.0, 0.0]
[61.0, 17.0, 0.0, 1.0, 1.0]
[55.0, 17.0, 0.0, 0.0, 0.0]
[68.0, 17.0, 1.0, 0.0, 1.0]
[64.0, 17.0, 1.0, 0.0, 0.0]
[80.0, 21.0, 0.0, 1.0, 1.0]
[76.0, 20.0, 0.0, 1.0, 1.0]
[72.0, 19.0, 0.0, 1.0, 1.0]
[70.0, 19.0, 0.0, 0.0, 1.0]
[70.0, 19.0, 0.0, 1.0, 0.0]
[80.0, 22.0, 0.0, 0.0, 1.0]
[77.0, 21.0, 0.0, 0.0, 1.0]
[65.0, 21.0, 0.0, 0.0, 0.0]
[80.0, 23.0, 0.0, 1.0, 0.0]
[75.0, 21.0, 0.0, 1.0, 0.0]
[80.0, 20.0, 1.0, 0.0, 1.0]
[78.0, 19.0, 1.0, 0.0, 1.0]
[72.0, 19.0, 1.0, 0.0, 0.0]
[80.0, 21.0, 1.0, 0.0, 0.0]
[75.0, 20.0, 1.0, 0.0, 0.0]

4

[80.0, 19.0, 1.0, 1.0, 1.0]
[72.0, 18.0, 1.0, 1.0, 1.0]
[66.0, 18.0, 0.0, 1.0, 1.0]
[58.0, 18.0, 0.0, 0.0, 0.0]
[70.0, 16.0, 1.0, 1.0, 1.0]
[60.0, 16.0, 0.0, 0.0, 1.0]
[60.0, 16.0, 0.0, 1.0, 0.0]
[50.0, 16.0, 0.0, 0.0, 0.0]
[64.0, 16.0, 1.0, 0.0, 1.0]
[60.0, 16.0, 1.0, 0.0, 0.0]
[65.0, 16.0, 1.0, 1.0, 0.0]
[70.0, 18.0, 1.0, 0.0, 1.0]
[66.0, 18.0, 1.0, 0.0, 0.0]
[70.0, 18.0, 1.0, 1.0, 0.0]
[54.0, 17.0, 0.0, 0.0, 0.0]
[65.0, 17.0, 1.0, 0.0, 1.0]
[67.0, 17.0, 1.0, 1.0, 0.0]
[80.0, 21.0, 0.0, 1.0, 1.0]
[75.0, 20.0, 0.0, 1.0, 1.0]
[70.0, 19.0, 0.0, 0.0, 1.0]
[70.0, 19.0, 0.0, 1.0, 0.0]
[60.0, 19.0, 0.0, 0.0, 0.0]
[80.0, 22.0, 0.0, 0.0, 1.0]
[75.0, 21.0, 0.0, 0.0, 1.0]
[65.0, 23.0, 0.0, 0.0, 0.0]
[64.0, 22.0, 0.0, 0.0, 0.0]
[77.0, 24.0, 0.0, 1.0, 0.0]
[75.0, 22.0, 0.0, 1.0, 0.0]
[72.0, 21.0, 0.0, 1.0, 0.0]
[80.0, 20.0, 1.0, 0.0, 1.0]
[75.0, 19.0, 1.0, 0.0, 1.0]
[72.0, 19.0, 1.0, 0.0, 0.0]
[80.0, 21.0, 1.0, 0.0, 0.0]
[80.0, 20.0, 1.0, 1.0, 0.0]
[75.0, 19.0, 1.0, 1.0, 0.0]

5

[80.0, 19.0, 1.0, 1.0, 1.0]
[70.0, 18.0, 1.0, 0.0, 1.0]
[65.0, 18.0, 0.0, 1.0, 1.0]
[56.0, 18.0, 0.0, 0.0, 0.0]
[65.0, 16.0, 1.0, 1.0, 1.0]
[60.0, 16.0, 0.0, 0.0, 1.0]
[60.0, 16.0, 0.0, 1.0, 0.0]
[50.0, 16.0, 0.0, 0.0, 0.0]
[60.0, 16.0, 1.0, 0.0, 0.0]
[63.0, 16.0, 1.0, 1.0, 0.0]
[70.0, 18.0, 1.0, 1.0, 0.0]
[65.0, 18.0, 1.0, 0.0, 0.0]
[70.0, 17.0, 1.0, 1.0, 1.0]
[52.0, 17.0, 0.0, 0.0, 0.0]
[65.0, 17.0, 1.0, 0.0, 1.0]
[65.0, 17.0, 1.0, 1.0, 0.0]
[80.0, 21.0, 0.0, 1.0, 1.0]
[74.0, 20.0, 0.0, 1.0, 1.0]
[70.0, 20.0, 0.0, 0.0, 1.0]
[70.0, 20.0, 0.0, 1.0, 0.0]
[70.0, 19.0, 0.0, 1.0, 1.0]
[65.0, 19.0, 0.0, 0.0, 1.0]
[60.0, 19.0, 0.0, 0.0, 0.0]
[66.0, 19.0, 0.0, 1.0, 0.0]
[80.0, 23.0, 0.0, 0.0, 1.0]
[77.0, 22.0, 0.0, 0.0, 1.0]
[74.0, 21.0, 0.0, 0.0, 1.0]
[61.0, 24.0, 0.0, 0.0, 0.0]
[75.0, 23.0, 0.0, 1.0, 0.0]
[72.0, 21.0, 0.0, 1.0, 0.0]
[80.0, 20.0, 1.0, 0.0, 1.0]
[75.0, 19.0, 1.0, 0.0, 1.0]
[70.0, 19.0, 1.0, 0.0, 0.0]
[78.0, 22.0, 1.0, 0.0, 0.0]
[80.0, 23.0, 1.0, 0.0, 0.0]
[72.0, 20.0, 1.0, 0.0, 0.0]
[75.0, 21.0, 1.0, 0.0, 0.0]
[80.0, 20.0, 1.0, 1.0, 0.0]
[75.0, 19.0, 1.0, 1.0, 0.0]

6

[78.0, 19.0, 1.0, 1.0, 1.0]
[80.0, 20.0, 1.0, 1.0, 1.0]
[80.0, 21.0, 0.0, 1.0, 1.0]
[80.0, 23.0, 0.0, 0.0, 1.0]
[65.0, 16.0, 1.0, 1.0, 1.0]
[60.0, 16.0, 0.0, 0.0, 1.0]
[60.0, 16.0, 0.0, 1.0, 0.0]
[50.0, 16.0, 0.0, 0.0, 0.0]
[60.0, 16.0, 1.0, 0.0, 0.0]
[80.0, 21.0, 1.0, 0.0, 1.0]
[80.0, 21.0, 1.0, 1.0, 0.0]
[68.0, 17.0, 1.0, 1.0, 1.0]
[64.0, 17.0, 1.0, 0.0, 1.0]
[65.0, 17.0, 1.0, 1.0, 0.0]
[70.0, 18.0, 1.0, 0.0, 1.0]
[65.0, 18.0, 0.0, 1.0, 1.0]
[55.0, 18.0, 0.0, 0.0, 0.0]
[70.0, 18.0, 1.0, 1.0, 0.0]
[64.0, 18.0, 1.0, 0.0, 0.0]
[72.0, 20.0, 0.0, 1.0, 1.0]
[70.0, 20.0, 0.0, 0.0, 1.0]
[70.0, 20.0, 0.0, 1.0, 0.0]
[70.0, 19.0, 0.0, 1.0, 1.0]
[65.0, 19.0, 0.0, 0.0, 1.0]
[60.0, 19.0, 0.0, 0.0, 0.0]
[65.0, 19.0, 0.0, 1.0, 0.0]
[75.0, 22.0, 0.0, 0.0, 1.0]
[72.0, 21.0, 0.0, 0.0, 1.0]
[75.0, 24.0, 0.0, 1.0, 0.0]
[72.0, 22.0, 0.0, 1.0, 0.0]
[76.0, 20.0, 1.0, 0.0, 1.0]
[72.0, 20.0, 1.0, 0.0, 0.0]
[72.0, 19.0, 1.0, 0.0, 1.0]
[70.0, 19.0, 1.0, 0.0, 0.0]
[76.0, 23.0, 1.0, 0.0, 0.0]
[77.0, 24.0, 1.0, 0.0, 0.0]
[75.0, 21.0, 1.0, 0.0, 0.0]
[76.0, 20.0, 1.0, 1.0, 0.0]
[72.0, 19.0, 1.0, 1.0, 0.0]
