selection file, result

1

[400, 803.7942150318931, 400, 800]
[400.2229732248145, 798.6220045418806, 400, 800]
[400.0, 798.6220045418806, 400, 799.9082467199818]
[400.0, 798.6220045418806, 395.70408903254594, 800.0]
[400.23012542605267, 799.5779056367111, 400, 800]
[400.2229732248145, 799.5779056367111, 400, 799.9082467199818]
[400.2229732248145, 799.5779056367111, 395.70408903254594, 800.0]
[400.0, 799.5779056367111, 400, 799.720748537787]
[400.0, 799.5779056367111, 393.0908339800271, 800.0]
[400.0, 799.5779056367111, 395.70408903254594, 799.9082467199818]
[400.7482983584569, 800.0, 400, 800]
[400.71813581876336, 800.0, 400, 799.9082467199818]
[400.23012542605267, 800.0, 400, 799.720748537787]
[400.23012542605267, 800.0, 393.0908339800271, 800.0]
[400.23012542605267, 800.0, 395.70408903254594, 799.9082467199818]
[400.2229732248145, 800.0, 400, 799.0070228097146]
[400.2229732248145, 800.0, 392.2127717652182, 800.0]
[400.2229732248145, 800.0, 393.0908339800271, 799.9082467199818]
[400.2229732248145, 800.0, 395.70408903254594, 799.5403974819635]
[400.0, 800.0, 400, 798.6899225791493]
[400.0, 800.0, 391.826821067646, 800.0]
[400.0, 800.0, 392.2127717652182, 799.9082467199818]
[400.0, 800.0, 393.0908339800271, 799.5403974819635]
[400.0, 800.0, 395.70408903254594, 799.0070228097146]

2

[400, 805.731003514619, 400, 800]
[400.2229732248145, 803.8440923459239, 400, 800]
[400.0, 803.8440923459239, 400, 799.9082467199818]
[400.0, 803.8440923459239, 395.70408903254594, 800.0]
[400.23012542605267, 803.7942150318931, 400, 800]
[400.2229732248145, 803.7942150318931, 400, 799.9082467199818]
[400.2229732248145, 803.7942150318931, 395.70408903254594, 800.0]
[400.0, 803.7942150318931, 400, 799.720748537787]
[400.0, 803.7942150318931, 393.0908339800271, 800.0]
[400.0, 803.7942150318931, 395.70408903254594, 799.9082467199818]
[400.71813581876336, 798.6220045418806, 400, 800]
[400.23012542605267, 798.6220045418806, 400, 799.9082467199818]
[400.23012542605267, 798.6220045418806, 395.70408903254594, 800.0]
[400.2229732248145, 798.6220045418806, 400, 799.720748537787]
[400.2229732248145, 798.6220045418806, 393.0908339800271, 800.0]
[400.2229732248145, 798.6220045418806, 395.70408903254594, 799.9082467199818]
[400.0, 798.6220045418806, 400, 799.0070228097146]
[400.0, 798.6220045418806, 392.2127717652182, 800.0]
[400.0, 798.6220045418806, 393.0908339800271, 799.9082467199818]
[400.0, 798.6220045418806, 395.70408903254594, 799.5403974819635]
[400.7482983584569, 799.5779056367111, 400, 800]
[400.71813581876336, 799.5779056367111, 400, 799.9082467199818]
[400.23012542605267, 799.5779056367111, 400, 799.720748537787]
[400.23012542605267, 799.5779056367111, 393.0908339800271, 800.0]
[400.23012542605267, 799.5779056367111, 395.70408903254594, 799.9082467199818]
[400.2229732248145, 799.5779056367111, 400, 799.0070228097146]
[400.2229732248145, 799.5779056367111, 392.2127717652182, 800.0]
[400.2229732248145, 799.5779056367111, 393.0908339800271, 799.9082467199818]
[400.2229732248145, 799.5779056367111, 395.70408903254594, 799.5403974819635]
[400.0, 799.5779056367111, 400, 798.6899225791493]
[400.0, 799.5779056367111, 391.826821067646, 800.0]
[400.0, 799.5779056367111, 392.2127717652182, 799.9082467199818]
[400.0, 799.5779056367111, 393.0908339800271, 799.5403974819635]
[400.0, 799.5779056367111, 395.70408903254594, 799.0070228097146]
[401.6497451866733, 800.0, 400, 800]
[400.87913749562097, 800.0, 400, 799.9082467199818]
[400.87913749562097, 800.0, 395.70408903254594, 800.0]
[400.0, 800.0, 400, 796.9494072393501]
[400.0, 800.0, 391.7170273775268, 800.0]
[400.0, 800.0, 391.72293973027007, 799.9082467199818]
[400.0, 800.0, 391.826821067646, 799.5403974819635]
[400.0, 800.0, 392.2127717652182, 799.0070228097146]
[400.0, 800.0, 393.0908339800271, 798.6899225791493]
[400.0, 800.0, 395.70408903254594, 798.152572177996]

3

[400, 806.3179411852456, 400, 800]
[400.2229732248145, 805.9255153341596, 400, 800]
[400.0, 805.9255153341596, 400, 799.9082467199818]
[400.0, 805.9255153341596, 395.70408903254594, 800.0]
[416.26210571255297, 800.0, 400, 800.0]
[401.6497451866733, 800.0, 400, 799.720748537787]
[401.6497451866733, 800.0, 393.0908339800271, 800.0]
[400.87913749562097, 800.0, 400, 799.0070228097146]
[400.87913749562097, 800.0, 392.2127717652182, 800.0]
[400.87913749562097, 800.0, 393.0908339800271, 799.9082467199818]
[400.87913749562097, 800.0, 395.70408903254594, 799.5403974819635]
[400.0, 800.0, 400, 795.8598509312776]
[400.0, 800.0, 391.661570701206, 800.0]
[400.0, 800.0, 391.67976938327814, 799.9082467199818]
[400.0, 800.0, 391.7170273775268, 799.5403974819635]
[400.0, 800.0, 391.72293973027007, 799.0070228097146]
[400.0, 800.0, 391.826821067646, 798.6899225791493]
[400.0, 800.0, 392.2127717652182, 798.152572177996]
[400.0, 800.0, 393.0908339800271, 796.9494072393501]
[400.0, 800.0, 395.70408903254594, 795.9117042860638]

4

[400, 806.4733361448723, 400, 800]
[416.60433222928793, 800.0, 400, 800.0]
[416.26210571255297, 800.0, 400, 799.720748537787]
[416.26210571255297, 800.0, 393.0908339800271, 800.0]
[401.6497451866733, 800.0, 400, 799.0070228097146]
[401.6497451866733, 800.0, 392.2127717652182, 800.0]
[400.87913749562097, 800.0, 400, 798.6899225791493]
[400.87913749562097, 800.0, 391.826821067646, 800.0]
[400.87913749562097, 800.0, 392.2127717652182, 799.9082467199818]
[400.87913749562097, 800.0, 393.0908339800271, 799.5403974819635]
[400.87913749562097, 800.0, 395.70408903254594, 799.0070228097146]
[400.0, 800.0, 400, 793.5785553648042]
[400.0, 800.0, 390.98813609565747, 800.0]
[400.0, 800.0, 391.661570701206, 799.9082467199818]
[400.0, 800.0, 391.67976938327814, 799.5403974819635]
[400.0, 800.0, 391.7170273775268, 799.0070228097146]
[400.0, 800.0, 391.72293973027007, 798.6899225791493]
[400.0, 800.0, 391.826821067646, 798.152572177996]
[400.0, 800.0, 392.2127717652182, 796.9494072393501]
[400.0, 800.0, 393.0908339800271, 795.9117042860638]
[400.0, 800.0, 395.70408903254594, 795.8598509312776]

5

[400, 809.2347953611651, 400, 800]
[417.7781964363962, 800.0, 400, 800.0]
[416.9248319418096, 800.0, 400, 799.720748537787]
[416.9248319418096, 800.0, 393.0908339800271, 800.0]
[416.60433222928793, 800.0, 400, 799.0070228097146]
[416.60433222928793, 800.0, 392.2127717652182, 800.0]
[416.60433222928793, 800.0, 393.0908339800271, 799.5403974819635]
[416.26210571255297, 800.0, 400, 798.6899225791493]
[416.26210571255297, 800.0, 391.826821067646, 800.0]
[416.26210571255297, 800.0, 392.2127717652182, 799.5403974819635]
[416.26210571255297, 800.0, 393.0908339800271, 799.0070228097146]
[401.6497451866733, 800.0, 400, 798.152572177996]
[401.6497451866733, 800.0, 391.72293973027007, 800.0]
[400.87913749562097, 800.0, 400, 796.9494072393501]
[400.87913749562097, 800.0, 391.7170273775268, 800.0]
[400.87913749562097, 800.0, 391.72293973027007, 799.9082467199818]
[400.87913749562097, 800.0, 391.826821067646, 799.5403974819635]
[400.87913749562097, 800.0, 392.2127717652182, 799.0070228097146]
[400.87913749562097, 800.0, 393.0908339800271, 798.6899225791493]
[400.87913749562097, 800.0, 395.70408903254594, 798.152572177996]
[400.0, 800.0, 400, 792.3638511282999]
[400.0, 800.0, 390.16965517954, 800.0]
[400.0, 800.0, 390.6124612414537, 799.9082467199818]
[400.0, 800.0, 390.98813609565747, 799.5403974819635]
[400.0, 800.0, 391.661570701206, 799.0070228097146]
[400.0, 800.0, 391.67976938327814, 798.6899225791493]
[400.0, 800.0, 391.7170273775268, 798.152572177996]
[400.0, 800.0, 391.72293973027007, 796.9494072393501]
[400.0, 800.0, 391.826821067646, 795.9117042860638]
[400.0, 800.0, 392.2127717652182, 795.8598509312776]
[400.0, 800.0, 393.0908339800271, 793.5785553648042]
[400.0, 800.0, 395.70408903254594, 792.3827421060323]

6

[400, 809.7483294489185, 400, 800]
[400.2229732248145, 809.3523681424118, 400, 800]
[400.0, 809.3523681424118, 400, 799.9082467199818]
[400.0, 809.3523681424118, 395.70408903254594, 800.0]
[400.23012542605267, 809.2347953611651, 400, 800]
[400.2229732248145, 809.2347953611651, 400, 799.9082467199818]
[400.2229732248145, 809.2347953611651, 395.70408903254594, 800.0]
[400.0, 809.2347953611651, 400, 799.720748537787]
[400.0, 809.2347953611651, 393.0908339800271, 800.0]
[400.0, 809.2347953611651, 395.70408903254594, 799.9082467199818]
[471.59920330920727, 800.0, 400, 800]
[400.0, 800.0, 400, 779.5960754233283]
[400.0, 800.0, 797.1977030179464, 800.0]
[400.0, 800.0, 796.9627419954036, 799.9082467199818]
[400.0, 800.0, 795.8598509312776, 799.5403974819635]
[400.0, 800.0, 794.504094710207, 799.0070228097146]
[400.0, 800.0, 793.9860094539536, 798.6899225791493]
[400.0, 800.0, 602.8750446210199, 798.152572177996]
[400.0, 800.0, 585.3134717495993, 796.9494072393501]
[400.0, 800.0, 584.2809723673604, 795.9117042860638]
[400.0, 800.0, 583.9814509687113, 795.8598509312776]
[400.0, 800.0, 583.8301430495134, 795.2610780216103]
[400.0, 800.0, 583.6490760418034, 793.6450207318525]
[400.0, 800.0, 390.16965517954, 793.5785553648042]
[400.0, 800.0, 390.6124612414537, 792.3827421060323]
[400.0, 800.0, 390.98813609565747, 792.3638511282999]
[400.0, 800.0, 391.661570701206, 791.7771486918193]
[400.0, 800.0, 391.67976938327814, 791.7428238986256]
[400.0, 800.0, 391.7170273775268, 790.2070452831337]
[400.0, 800.0, 391.72293973027007, 788.731484896106]
[400.0, 800.0, 391.826821067646, 788.4794537714318]
[400.0, 800.0, 392.13028507519857, 780.2612822076561]
[400.0, 800.0, 395.70408903254594, 779.8410987142514]

7

[400, 812.3365332663494, 400, 800]
[472.4258145629404, 800.0, 400, 800]
[400.0, 800.0, 400, 780.2612822076561]
[400.0, 800.0, 797.7887019084451, 800.0]
[400.0, 800.0, 797.7788480631356, 799.9082467199818]
[400.0, 800.0, 797.1977030179464, 799.5403974819635]
[400.0, 800.0, 796.9627419954036, 799.0070228097146]
[400.0, 800.0, 795.8598509312776, 798.6899225791493]
[400.0, 800.0, 602.8750446210199, 798.152572177996]
[400.0, 800.0, 585.3134717495993, 796.9494072393501]
[400.0, 800.0, 584.2809723673604, 795.9117042860638]
[400.0, 800.0, 390.16965517954, 795.8598509312776]
[400.0, 800.0, 390.6124612414537, 795.2610780216103]
[400.0, 800.0, 390.98813609565747, 793.6450207318525]
[400.0, 800.0, 391.661570701206, 793.5785553648042]
[400.0, 800.0, 391.67976938327814, 792.3638511282999]
[400.0, 800.0, 391.7170273775268, 791.7771486918193]
[400.0, 800.0, 391.72293973027007, 791.7428238986256]
[400.0, 800.0, 391.826821067646, 790.2070452831337]
[400.0, 800.0, 392.13028507519857, 788.731484896106]
[400.0, 800.0, 395.70408903254594, 788.4794537714318]
