selection file, result

1

[19950616, 1.0, 1.0, 1.0, 1.0, 1.0]
[19950621, 0.0, 1.0, 1.0, 1.0, 1.0]
[19950628, 0.0, 0.0, 1.0, 1.0, 1.0]
[19950708, 0.0, 0.0, 0.0, 1.0, 1.0]
[19951031, 0.0, 0.0, 0.0, 0.0, 1.0]
[19951120, 0.0, 0.0, 0.0, 1.0, 0.0]
[19950710, 0.0, 0.0, 1.0, 0.0, 1.0]
[19951030, 0.0, 0.0, 1.0, 0.0, 0.0]
[19950709, 0.0, 0.0, 1.0, 1.0, 0.0]
[19950628, 0.0, 1.0, 0.0, 1.0, 1.0]
[19950710, 0.0, 1.0, 0.0, 0.0, 1.0]
[19951111, 0.0, 1.0, 0.0, 0.0, 0.0]
[19950709, 0.0, 1.0, 0.0, 1.0, 0.0]
[19950630, 0.0, 1.0, 1.0, 0.0, 1.0]
[19950711, 0.0, 1.0, 1.0, 0.0, 0.0]
[19950629, 0.0, 1.0, 1.0, 1.0, 0.0]
[19950621, 1.0, 0.0, 1.0, 1.0, 1.0]
[19950628, 1.0, 0.0, 0.0, 1.0, 1.0]
[19950710, 1.0, 0.0, 0.0, 0.0, 1.0]
[19951010, 1.0, 0.0, 0.0, 0.0, 0.0]
[19950709, 1.0, 0.0, 0.0, 1.0, 0.0]
[19950701, 1.0, 0.0, 1.0, 0.0, 1.0]
[19950712, 1.0, 0.0, 1.0, 0.0, 0.0]
[19950629, 1.0, 0.0, 1.0, 1.0, 0.0]
[19950621, 1.0, 1.0, 0.0, 1.0, 1.0]
[19950630, 1.0, 1.0, 0.0, 0.0, 1.0]
[19950712, 1.0, 1.0, 0.0, 0.0, 0.0]
[19950629, 1.0, 1.0, 0.0, 1.0, 0.0]
[19950622, 1.0, 1.0, 1.0, 0.0, 1.0]
[19950701, 1.0, 1.0, 1.0, 0.0, 0.0]
[19950621, 1.0, 1.0, 1.0, 1.0, 0.0]

2

[19950616, 1.0, 1.0, 1.0, 1.0, 1.0]
[19950621, 0.0, 1.0, 1.0, 1.0, 1.0]
[19950628, 0.0, 0.0, 1.0, 1.0, 1.0]
[19950708, 0.0, 0.0, 0.0, 1.0, 1.0]
[19951031, 0.0, 0.0, 0.0, 0.0, 1.0]
[19951120, 0.0, 0.0, 0.0, 1.0, 0.0]
[19950710, 0.0, 0.0, 1.0, 0.0, 1.0]
[19951030, 0.0, 0.0, 1.0, 0.0, 0.0]
[19950709, 0.0, 0.0, 1.0, 1.0, 0.0]
[19950628, 0.0, 1.0, 0.0, 1.0, 1.0]
[19950710, 0.0, 1.0, 0.0, 0.0, 1.0]
[19951111, 0.0, 1.0, 0.0, 0.0, 0.0]
[19950709, 0.0, 1.0, 0.0, 1.0, 0.0]
[19950630, 0.0, 1.0, 1.0, 0.0, 1.0]
[19950711, 0.0, 1.0, 1.0, 0.0, 0.0]
[19950629, 0.0, 1.0, 1.0, 1.0, 0.0]
[19950621, 1.0, 0.0, 1.0, 1.0, 1.0]
[19950628, 1.0, 0.0, 0.0, 1.0, 1.0]
[19950710, 1.0, 0.0, 0.0, 0.0, 1.0]
[19951010, 1.0, 0.0, 0.0, 0.0, 0.0]
[19950709, 1.0, 0.0, 0.0, 1.0, 0.0]
[19950701, 1.0, 0.0, 1.0, 0.0, 1.0]
[19950712, 1.0, 0.0, 1.0, 0.0, 0.0]
[19950629, 1.0, 0.0, 1.0, 1.0, 0.0]
[19950621, 1.0, 1.0, 0.0, 1.0, 1.0]
[19950630, 1.0, 1.0, 0.0, 0.0, 1.0]
[19950712, 1.0, 1.0, 0.0, 0.0, 0.0]
[19950629, 1.0, 1.0, 0.0, 1.0, 0.0]
[19950622, 1.0, 1.0, 1.0, 0.0, 1.0]
[19950701, 1.0, 1.0, 1.0, 0.0, 0.0]
[19950621, 1.0, 1.0, 1.0, 1.0, 0.0]

3

[19950616, 1.0, 1.0, 1.0, 1.0, 1.0]
[19950621, 0.0, 1.0, 1.0, 1.0, 1.0]
[19950628, 0.0, 0.0, 1.0, 1.0, 1.0]
[19950708, 0.0, 0.0, 0.0, 1.0, 1.0]
[19951031, 0.0, 0.0, 0.0, 0.0, 1.0]
[19951120, 0.0, 0.0, 0.0, 1.0, 0.0]
[19950710, 0.0, 0.0, 1.0, 0.0, 1.0]
[19951030, 0.0, 0.0, 1.0, 0.0, 0.0]
[19950709, 0.0, 0.0, 1.0, 1.0, 0.0]
[19950628, 0.0, 1.0, 0.0, 1.0, 1.0]
[19950710, 0.0, 1.0, 0.0, 0.0, 1.0]
[19951111, 0.0, 1.0, 0.0, 0.0, 0.0]
[19950709, 0.0, 1.0, 0.0, 1.0, 0.0]
[19950630, 0.0, 1.0, 1.0, 0.0, 1.0]
[19950711, 0.0, 1.0, 1.0, 0.0, 0.0]
[19950629, 0.0, 1.0, 1.0, 1.0, 0.0]
[19950621, 1.0, 0.0, 1.0, 1.0, 1.0]
[19950628, 1.0, 0.0, 0.0, 1.0, 1.0]
[19950710, 1.0, 0.0, 0.0, 0.0, 1.0]
[19951010, 1.0, 0.0, 0.0, 0.0, 0.0]
[19950709, 1.0, 0.0, 0.0, 1.0, 0.0]
[19950701, 1.0, 0.0, 1.0, 0.0, 1.0]
[19950712, 1.0, 0.0, 1.0, 0.0, 0.0]
[19950629, 1.0, 0.0, 1.0, 1.0, 0.0]
[19950621, 1.0, 1.0, 0.0, 1.0, 1.0]
[19950630, 1.0, 1.0, 0.0, 0.0, 1.0]
[19950712, 1.0, 1.0, 0.0, 0.0, 0.0]
[19950629, 1.0, 1.0, 0.0, 1.0, 0.0]
[19950622, 1.0, 1.0, 1.0, 0.0, 1.0]
[19950701, 1.0, 1.0, 1.0, 0.0, 0.0]
[19950621, 1.0, 1.0, 1.0, 1.0, 0.0]

4

[19950701, 0.0, 0.0, 1.0, 1.0, 1.0]
[19950701, 0.0, 1.0, 0.0, 1.0, 1.0]
[19950701, 1.0, 0.0, 0.0, 1.0, 1.0]
[19950708, 0.0, 0.0, 0.0, 1.0, 1.0]
[19951031, 0.0, 0.0, 0.0, 0.0, 1.0]
[19951120, 0.0, 0.0, 0.0, 1.0, 0.0]
[19950710, 1.0, 0.0, 0.0, 0.0, 1.0]
[19951010, 1.0, 0.0, 0.0, 0.0, 0.0]
[19950709, 1.0, 0.0, 0.0, 1.0, 0.0]
[19950701, 1.0, 1.0, 0.0, 0.0, 1.0]
[19950710, 0.0, 1.0, 0.0, 0.0, 1.0]
[19951111, 0.0, 1.0, 0.0, 0.0, 0.0]
[19950712, 1.0, 1.0, 0.0, 0.0, 0.0]
[19950701, 1.0, 1.0, 0.0, 1.0, 0.0]
[19950709, 0.0, 1.0, 0.0, 1.0, 0.0]
[19950701, 0.0, 1.0, 1.0, 0.0, 1.0]
[19950701, 1.0, 0.0, 1.0, 0.0, 1.0]
[19950710, 0.0, 0.0, 1.0, 0.0, 1.0]
[19951030, 0.0, 0.0, 1.0, 0.0, 0.0]
[19950712, 1.0, 0.0, 1.0, 0.0, 0.0]
[19950701, 1.0, 1.0, 1.0, 0.0, 0.0]
[19950711, 0.0, 1.0, 1.0, 0.0, 0.0]
[19950701, 0.0, 1.0, 1.0, 1.0, 0.0]
[19950701, 1.0, 0.0, 1.0, 1.0, 0.0]
[19950709, 0.0, 0.0, 1.0, 1.0, 0.0]

5

[19950901, 0.0, 0.0, 0.0, 1.0, 1.0]
[19950901, 0.0, 0.0, 1.0, 0.0, 1.0]
[19950901, 0.0, 1.0, 0.0, 0.0, 1.0]
[19950901, 1.0, 0.0, 0.0, 0.0, 1.0]
[19951031, 0.0, 0.0, 0.0, 0.0, 1.0]
[19951010, 1.0, 0.0, 0.0, 0.0, 0.0]
[19950901, 1.0, 1.0, 0.0, 0.0, 0.0]
[19951111, 0.0, 1.0, 0.0, 0.0, 0.0]
[19950901, 0.0, 1.0, 1.0, 0.0, 0.0]
[19950901, 1.0, 0.0, 1.0, 0.0, 0.0]
[19951030, 0.0, 0.0, 1.0, 0.0, 0.0]
[19950901, 0.0, 0.0, 1.0, 1.0, 0.0]
[19950901, 0.0, 1.0, 0.0, 1.0, 0.0]
[19950901, 1.0, 0.0, 0.0, 1.0, 0.0]
[19951120, 0.0, 0.0, 0.0, 1.0, 0.0]

6

[19951101, 0.0, 0.0, 0.0, 0.0, 1.0]
[19951101, 0.0, 0.0, 1.0, 0.0, 0.0]
[19951101, 0.0, 1.0, 0.0, 1.0, 0.0]
[19951101, 1.0, 0.0, 0.0, 0.0, 0.0]
[19951120, 0.0, 0.0, 0.0, 1.0, 0.0]
[19951111, 0.0, 1.0, 0.0, 0.0, 0.0]

7

[19960101, 0.0, 0.0, 0.0, 0.0, 1.0]
[19960101, 0.0, 0.0, 0.0, 1.0, 0.0]
[19960101, 0.0, 0.0, 1.0, 0.0, 0.0]
[19960101, 0.0, 1.0, 0.0, 0.0, 0.0]
[19960101, 1.0, 0.0, 0.0, 0.0, 0.0]

8

[19960301, 0.0, 0.0, 0.0, 0.0, 1.0]
[19960301, 0.0, 0.0, 0.0, 1.0, 0.0]
[19960301, 0.0, 0.0, 1.0, 0.0, 0.0]
[19960301, 0.0, 1.0, 0.0, 0.0, 0.0]
[19960301, 1.0, 0.0, 0.0, 0.0, 0.0]
