selection file, result

1

[0, 0, 0, 0, 1, 19950126, 19960101]
[0, 0, 0, 1, 0.0, 19950115, 19960101]
[0, 0, 1, 0.0, 0.0, 19950101, 19960101]
[0, 1, 0.0, 0.0, 0.0, 19950215, 19960101]
[1, 0.0, 0.0, 0.0, 0.0, 19950112, 19960101]
[1, 1.0, 0.0, 0.0, 0.0, 19950101, 19960101]
[0, 0, 0, 1, 1.0, 19950101, 19960101]

2



3



4



5

[0, 0, 0, 1, 0, 1, 0, 19950324, 19960101]
[0, 0, 0, 1, 0, 1, 1, 19950101, 19960101]
[0, 0, 0, 1, 1, 1, 0.0, 19950323, 19960101]
[0, 0, 1, 1, 0.0, 1, 0.0, 19950323, 19960101]
[0, 1, 0.0, 1, 0.0, 1, 0.0, 19950323, 19960101]
[1, 0.0, 0.0, 1, 0.0, 1, 0.0, 19950323, 19960101]

6

[0, 0, 0, 0, 1, 19950101, 19960101]
[0, 0, 0, 1, 0.0, 19950101, 19960101]
[0, 0, 1, 0.0, 0.0, 19950101, 19960101]
[0, 1, 0.0, 0.0, 0.0, 19950101, 19960101]
[1, 0.0, 0.0, 0.0, 0.0, 19950101, 19960101]

7

[0, 0, 0, 0, 1, 19950101, 19960101]
[0, 0, 0, 1, 0.0, 19950101, 19960101]
[0, 0, 1, 0.0, 0.0, 19950101, 19960101]
[0, 1, 0.0, 0.0, 0.0, 19950101, 19960101]
[1, 0.0, 0.0, 0.0, 0.0, 19950101, 19960101]

8

[0, 0, 0, 0, 1, 19950213, 19960101]
[0, 0, 0, 1, 0.0, 19950213, 19960101]
[0, 0, 1, 0.0, 0.0, 19950101, 19960101]
[0, 1, 0.0, 0.0, 0.0, 19950319, 19960101]
[1, 0.0, 0.0, 0.0, 0.0, 19950212, 19960101]
[1, 1.0, 0.0, 0.0, 0.0, 19950101, 19960101]
[0, 0, 0, 1, 1.0, 19950101, 19960101]
