selection file, result

1

[1.0, 19.0, 1.0, 0.0, 1.0]
[1.0, 19.0, 0.0, 1.0, 1.0]
[1.0, 20.0, 1.0, 1.0, 0.0]
[38.0, 19.0, 1.0, 1.0, 0.0]
[41.0, 19.0, 1.0, 1.0, 1.0]
[1.0, 21.0, 1.0, 1.0, 1.0]

2

[7.0, 19.0, 1.0, 0.0, 1.0]
[7.0, 19.0, 0.0, 1.0, 1.0]
[7.0, 20.0, 1.0, 1.0, 0.0]
[38.0, 19.0, 1.0, 1.0, 0.0]
[41.0, 19.0, 1.0, 1.0, 1.0]
[7.0, 21.0, 1.0, 1.0, 1.0]

3

[13.0, 19.0, 1.0, 0.0, 1.0]
[13.0, 19.0, 0.0, 1.0, 1.0]
[13.0, 20.0, 1.0, 1.0, 0.0]
[38.0, 19.0, 1.0, 1.0, 0.0]
[41.0, 19.0, 1.0, 1.0, 1.0]
[13.0, 21.0, 1.0, 1.0, 1.0]

4

[19.0, 19.0, 1.0, 0.0, 1.0]
[19.0, 19.0, 0.0, 1.0, 1.0]
[19.0, 20.0, 1.0, 1.0, 0.0]
[38.0, 19.0, 1.0, 1.0, 0.0]
[41.0, 19.0, 1.0, 1.0, 1.0]
[19.0, 21.0, 1.0, 1.0, 1.0]

5

[25.0, 19.0, 1.0, 0.0, 1.0]
[25.0, 19.0, 0.0, 1.0, 1.0]
[25.0, 20.0, 1.0, 1.0, 0.0]
[38.0, 19.0, 1.0, 1.0, 0.0]
[41.0, 19.0, 1.0, 1.0, 1.0]
[25.0, 21.0, 1.0, 1.0, 1.0]

6

[31.0, 19.0, 1.0, 0.0, 1.0]
[31.0, 19.0, 0.0, 1.0, 1.0]
[31.0, 20.0, 1.0, 1.0, 0.0]
[38.0, 19.0, 1.0, 1.0, 0.0]
[41.0, 19.0, 1.0, 1.0, 1.0]
[31.0, 21.0, 1.0, 1.0, 1.0]

7

[37.0, 19.0, 1.0, 0.0, 1.0]
[37.0, 19.0, 0.0, 1.0, 1.0]
[37.0, 20.0, 1.0, 1.0, 0.0]
[38.0, 19.0, 1.0, 1.0, 0.0]
[41.0, 19.0, 1.0, 1.0, 1.0]
[37.0, 21.0, 1.0, 1.0, 1.0]

8


