selection file, result

8

[19950209.0, 19950512, 1.0]
[19950211.0, 19950515, 1.0]
[19950213.0, 19950516, 1.0]
[19950207.0, 19950510, 1.0]
[19950208.0, 19950511, 1.0]

7

[19950209.0, 19950512, 1.0]
[19950211.0, 19950515, 1.0]
[19950213.0, 19950516, 1.0]
[19950207.0, 19950509, 1.0]
[19950206.0, 19950507, 1.0]

6

[19950209.0, 19950512, 1.0]
[19950211.0, 19950515, 1.0]
[19950213.0, 19950516, 1.0]
[19950207.0, 19950509, 1.0]
[19950206.0, 19950507, 1.0]

5

[19950209.0, 19950512, 1.0]
[19950211.0, 19950515, 1.0]
[19950213.0, 19950516, 1.0]
[19950207.0, 19950509, 1.0]
[19950206.0, 19950507, 1.0]

4

[19950209.0, 19950512, 1.0]
[19950211.0, 19950515, 1.0]
[19950213.0, 19950516, 1.0]
[19950207.0, 19950509, 1.0]
[19950206.0, 19950507, 1.0]

3

[19950209.0, 19950512, 1.0]
[19950211.0, 19950515, 1.0]
[19950213.0, 19950516, 1.0]
[19950207.0, 19950509, 1.0]
[19950206.0, 19950507, 1.0]

2

[19950209.0, 19950512, 1.0]
[19950211.0, 19950515, 1.0]
[19950213.0, 19950516, 1.0]
[19950207.0, 19950509, 1.0]
[19950206.0, 19950507, 1.0]

1

[19950209.0, 19950512, 1.0]
[19950211.0, 19950515, 1.0]
[19950213.0, 19950516, 1.0]
[19950207.0, 19950509, 1.0]
[19950206.0, 19950507, 1.0]
