selection file, result

1

[19940101, 19950101.0, 0.0, 0.0]
[19940526, 19940807.0, 1.0, 0.0]
[19940524, 19940805.0, 1.0, 0.0]
[19940525, 19940620.0, 1.0, 1.0]
[19940523, 19940804.0, 1.0, 0.0]
[19940523, 19940619.0, 1.0, 1.0]
[19940522, 19940803.0, 1.0, 0.0]
[19940521, 19940802.0, 1.0, 0.0]
[19940521, 19940617.0, 1.0, 1.0]
[19940520, 19940801.0, 1.0, 0.0]
[19940520, 19940616.0, 1.0, 1.0]
[19940518, 19940730.0, 1.0, 0.0]
[19940519, 19940615.0, 1.0, 1.0]
[19940518, 19940614.0, 1.0, 1.0]
[19940517, 19940729.0, 1.0, 0.0]
[19940517, 19940613.0, 1.0, 1.0]
[19940516, 19940728.0, 1.0, 0.0]
[19940516, 19940612.0, 1.0, 1.0]
[19940515, 19940727.0, 1.0, 0.0]
[19940515, 19940611.0, 1.0, 1.0]
[19940514, 19940726.0, 1.0, 0.0]
[19940514, 19940610.0, 1.0, 1.0]
[19940513, 19940724.0, 1.0, 0.0]
[19940513, 19940609.0, 1.0, 1.0]
[19940512, 19940723.0, 1.0, 0.0]
[19940512, 19940608.0, 1.0, 1.0]
[19940511, 19940722.0, 1.0, 0.0]
[19940510, 19940721.0, 1.0, 0.0]
[19940510, 19940607.0, 1.0, 1.0]
[19940509, 19940720.0, 1.0, 0.0]
[19940509, 19940606.0, 1.0, 1.0]
[19940508, 19940719.0, 1.0, 0.0]
[19940508, 19940604.0, 1.0, 1.0]
[19940507, 19940718.0, 1.0, 0.0]
[19940507, 19940603.0, 1.0, 1.0]
[19940506, 19940717.0, 1.0, 0.0]
[19940506, 19940602.0, 1.0, 1.0]
[19940505, 19940716.0, 1.0, 0.0]
[19940505, 19940601.0, 1.0, 1.0]
[19940504, 19940715.0, 1.0, 0.0]
[19940502, 19940714.0, 1.0, 0.0]
[19940503, 19940530.0, 1.0, 1.0]
[19940502, 19940529.0, 1.0, 1.0]
[19940430, 19940712.0, 1.0, 0.0]
[19940431, 19940528.0, 1.0, 1.0]
[19940430, 19940527.0, 1.0, 1.0]
[19940429, 19940711.0, 1.0, 0.0]
[19940429, 19940526.0, 1.0, 1.0]
[19940427, 19940710.0, 1.0, 0.0]
[19940428, 19940525.0, 1.0, 1.0]
[19940427, 19940524.0, 1.0, 1.0]
[19940426, 19940709.0, 1.0, 0.0]
[19940426, 19940523.0, 1.0, 1.0]
[19940425, 19940708.0, 1.0, 0.0]
[19940425, 19940522.0, 1.0, 1.0]
[19940424, 19940707.0, 1.0, 0.0]
[19940424, 19940521.0, 1.0, 1.0]
[19940423, 19940705.0, 1.0, 0.0]
[19940423, 19940520.0, 1.0, 1.0]
[19940422, 19940704.0, 1.0, 0.0]
[19940422, 19940519.0, 1.0, 1.0]
[19940421, 19940703.0, 1.0, 0.0]
[19940421, 19940518.0, 1.0, 1.0]
[19940420, 19940702.0, 1.0, 0.0]
[19940420, 19940517.0, 1.0, 1.0]
[19940419, 19940701.0, 1.0, 0.0]
[19940419, 19940516.0, 1.0, 1.0]
[19940417, 19940629.0, 1.0, 0.0]
[19940418, 19940515.0, 1.0, 1.0]
[19940417, 19940514.0, 1.0, 1.0]
[19940415, 19940628.0, 1.0, 0.0]
[19940416, 19940513.0, 1.0, 1.0]
[19940415, 19940512.0, 1.0, 1.0]
[19940414, 19940627.0, 1.0, 0.0]
[19940414, 19940511.0, 1.0, 1.0]
[19940413, 19940626.0, 1.0, 0.0]
[19940413, 19940509.0, 1.0, 1.0]
[19940412, 19940625.0, 1.0, 0.0]
[19940412, 19940508.0, 1.0, 1.0]
[19940411, 19940624.0, 1.0, 0.0]
[19940411, 19940507.0, 1.0, 1.0]
[19940410, 19940623.0, 1.0, 0.0]
[19940410, 19940506.0, 1.0, 1.0]
[19940409, 19940621.0, 1.0, 0.0]
[19940409, 19940505.0, 1.0, 1.0]
[19940408, 19940620.0, 1.0, 0.0]
[19940408, 19940504.0, 1.0, 1.0]
[19940407, 19940619.0, 1.0, 0.0]
[19940407, 19940503.0, 1.0, 1.0]
[19940406, 19940618.0, 1.0, 0.0]
[19940406, 19940502.0, 1.0, 1.0]
[19940405, 19940617.0, 1.0, 0.0]
[19940404, 19940616.0, 1.0, 0.0]
[19940402, 19940615.0, 1.0, 0.0]
[19940403, 19940429.0, 1.0, 1.0]
[19940402, 19940428.0, 1.0, 1.0]
[19940332, 19940614.0, 1.0, 0.0]
[19940332, 19940427.0, 1.0, 1.0]
[19940330, 19940612.0, 1.0, 0.0]
[19940331, 19940425.0, 1.0, 1.0]
[19940330, 19940424.0, 1.0, 1.0]
[19940329, 19940611.0, 1.0, 0.0]
[19940329, 19940423.0, 1.0, 1.0]
[19940328, 19940610.0, 1.0, 0.0]
[19940328, 19940422.0, 1.0, 1.0]
[19940327, 19940609.0, 1.0, 0.0]
[19940327, 19940421.0, 1.0, 1.0]
[19940326, 19940608.0, 1.0, 0.0]
[19940326, 19940420.0, 1.0, 1.0]
[19940325, 19940607.0, 1.0, 0.0]
[19940325, 19940419.0, 1.0, 1.0]
[19940324, 19940606.0, 1.0, 0.0]
[19940324, 19940418.0, 1.0, 1.0]
[19940323, 19940605.0, 1.0, 0.0]
[19940323, 19940417.0, 1.0, 1.0]
[19940322, 19940603.0, 1.0, 0.0]
[19940322, 19940416.0, 1.0, 1.0]
[19940321, 19940602.0, 1.0, 0.0]
[19940321, 19940415.0, 1.0, 1.0]
[19940320, 19940601.0, 1.0, 0.0]
[19940320, 19940414.0, 1.0, 1.0]
[19940318, 19940530.0, 1.0, 0.0]
[19940319, 19940413.0, 1.0, 1.0]
[19940318, 19940412.0, 1.0, 1.0]
[19940317, 19940529.0, 1.0, 0.0]
[19940317, 19940411.0, 1.0, 1.0]
[19940316, 19940528.0, 1.0, 0.0]
[19940316, 19940410.0, 1.0, 1.0]
[19940315, 19940527.0, 1.0, 0.0]
[19940315, 19940409.0, 1.0, 1.0]
[19940313, 19940526.0, 1.0, 0.0]
[19940314, 19940408.0, 1.0, 1.0]
[19940313, 19940407.0, 1.0, 1.0]
[19940312, 19940524.0, 1.0, 0.0]
[19940312, 19940406.0, 1.0, 1.0]
[19940311, 19940523.0, 1.0, 0.0]
[19940311, 19940405.0, 1.0, 1.0]
[19940310, 19940522.0, 1.0, 0.0]
[19940310, 19940404.0, 1.0, 1.0]
[19940309, 19940521.0, 1.0, 0.0]
[19940309, 19940403.0, 1.0, 1.0]
[19940308, 19940520.0, 1.0, 0.0]
[19940308, 19940402.0, 1.0, 1.0]
[19940306, 19940519.0, 1.0, 0.0]
[19940307, 19940401.0, 1.0, 1.0]
[19940305, 19940518.0, 1.0, 0.0]
[19940305, 19940330.0, 1.0, 1.0]
[19940304, 19940517.0, 1.0, 0.0]
[19940304, 19940329.0, 1.0, 1.0]
[19940303, 19940516.0, 1.0, 0.0]
[19940303, 19940328.0, 1.0, 1.0]
[19940302, 19940515.0, 1.0, 0.0]
[19940302, 19940327.0, 1.0, 1.0]
[19940229, 19940514.0, 1.0, 0.0]
[19940229, 19940326.0, 1.0, 1.0]
[19940228, 19940513.0, 1.0, 0.0]
[19940228, 19940325.0, 1.0, 1.0]
[19940226, 19940511.0, 1.0, 0.0]
[19940227, 19940324.0, 1.0, 1.0]
[19940226, 19940323.0, 1.0, 1.0]
[19940224, 19940509.0, 1.0, 0.0]
[19940225, 19940322.0, 1.0, 1.0]
[19940224, 19940321.0, 1.0, 1.0]
[19940223, 19940508.0, 1.0, 0.0]
[19940223, 19940320.0, 1.0, 1.0]
[19940222, 19940507.0, 1.0, 0.0]
[19940221, 19940506.0, 1.0, 0.0]
[19940221, 19940319.0, 1.0, 1.0]
[19940220, 19940505.0, 1.0, 0.0]
[19940220, 19940318.0, 1.0, 1.0]
[19940219, 19940504.0, 1.0, 0.0]
[19940218, 19940503.0, 1.0, 0.0]
[19940218, 19940316.0, 1.0, 1.0]
[19940217, 19940501.0, 1.0, 0.0]
[19940217, 19940314.0, 1.0, 1.0]
[19940215, 19940429.0, 1.0, 0.0]
[19940215, 19940313.0, 1.0, 1.0]
[19940213, 19940428.0, 1.0, 0.0]
[19940214, 19940312.0, 1.0, 1.0]
[19940213, 19940311.0, 1.0, 1.0]
[19940212, 19940426.0, 1.0, 0.0]
[19940212, 19940310.0, 1.0, 1.0]
[19940211, 19940425.0, 1.0, 0.0]
[19940211, 19940309.0, 1.0, 1.0]
[19940210, 19940424.0, 1.0, 0.0]
[19940210, 19940308.0, 1.0, 1.0]
[19940208, 19940423.0, 1.0, 0.0]
[19940209, 19940307.0, 1.0, 1.0]
[19940208, 19940306.0, 1.0, 1.0]
[19940207, 19940422.0, 1.0, 0.0]
[19940207, 19940305.0, 1.0, 1.0]
[19940206, 19940421.0, 1.0, 0.0]
[19940206, 19940304.0, 1.0, 1.0]
[19940204, 19940420.0, 1.0, 0.0]
[19940205, 19940303.0, 1.0, 1.0]
[19940204, 19940302.0, 1.0, 1.0]
[19940203, 19940418.0, 1.0, 0.0]
[19940203, 19940301.0, 1.0, 1.0]
[19940132, 19940417.0, 1.0, 0.0]
[19940132, 19940227.0, 1.0, 1.0]
[19940130, 19940415.0, 1.0, 0.0]
[19940131, 19940226.0, 1.0, 1.0]
[19940130, 19940225.0, 1.0, 1.0]
[19940129, 19940413.0, 1.0, 0.0]
[19940129, 19940224.0, 1.0, 1.0]
[19940128, 19940412.0, 1.0, 0.0]
[19940128, 19940223.0, 1.0, 1.0]
[19940127, 19940411.0, 1.0, 0.0]
[19940127, 19940222.0, 1.0, 1.0]
[19940126, 19940410.0, 1.0, 0.0]
[19940126, 19940221.0, 1.0, 1.0]
[19940124, 19940409.0, 1.0, 0.0]
[19940125, 19940220.0, 1.0, 1.0]
[19940123, 19940408.0, 1.0, 0.0]
[19940123, 19940219.0, 1.0, 1.0]
[19940122, 19940406.0, 1.0, 0.0]
[19940122, 19940217.0, 1.0, 1.0]
[19940121, 19940405.0, 1.0, 0.0]
[19940121, 19940216.0, 1.0, 1.0]
[19940120, 19940404.0, 1.0, 0.0]
[19940120, 19940215.0, 1.0, 1.0]
[19940119, 19940403.0, 1.0, 0.0]
[19940119, 19940214.0, 1.0, 1.0]
[19940118, 19940402.0, 1.0, 0.0]
[19940117, 19940401.0, 1.0, 0.0]
[19940117, 19940212.0, 1.0, 1.0]
[19940116, 19940330.0, 1.0, 0.0]
[19940115, 19940329.0, 1.0, 0.0]
[19940115, 19940210.0, 1.0, 1.0]
[19940114, 19940328.0, 1.0, 0.0]
[19940114, 19940208.0, 1.0, 1.0]
[19940112, 19940326.0, 1.0, 0.0]
[19940112, 19940207.0, 1.0, 1.0]
[19940110, 19940325.0, 1.0, 0.0]
[19940111, 19940206.0, 1.0, 1.0]
[19940110, 19940205.0, 1.0, 1.0]
[19940108, 19940323.0, 1.0, 0.0]
[19940109, 19940204.0, 1.0, 1.0]
[19940107, 19940322.0, 1.0, 0.0]
[19940107, 19940202.0, 1.0, 1.0]
[19940106, 19940321.0, 1.0, 0.0]
[19940106, 19940201.0, 1.0, 1.0]
[19940105, 19940319.0, 1.0, 0.0]
[19940105, 19940130.0, 1.0, 1.0]
[19940104, 19940318.0, 1.0, 0.0]
[19940104, 19940129.0, 1.0, 1.0]
[19940102, 19940316.0, 1.0, 0.0]
[19940102, 19940128.0, 1.0, 1.0]
[19940101, 19940315.0, 1.0, 0.0]
[19940101, 19940126.0, 1.0, 1.0]
[19940528.0, 19940808.0, 1.0, 0.0]
[19940714.0, 19940808.0, 1.0, 1.0]
[19940529.0, 19940809.0, 1.0, 0.0]
[19940715.0, 19940809.0, 1.0, 1.0]
[19940530.0, 19940811.0, 1.0, 0.0]
[19940716.0, 19940810.0, 1.0, 1.0]
[19940717.0, 19940811.0, 1.0, 1.0]
[19940532.0, 19940812.0, 1.0, 0.0]
[19940718.0, 19940812.0, 1.0, 1.0]
[19940602.0, 19940813.0, 1.0, 0.0]
[19940719.0, 19940813.0, 1.0, 1.0]
[19940603.0, 19940814.0, 1.0, 0.0]
[19940720.0, 19940814.0, 1.0, 1.0]
[19940604.0, 19940815.0, 1.0, 0.0]
[19940721.0, 19940815.0, 1.0, 1.0]
[19940605.0, 19940816.0, 1.0, 0.0]
[19940722.0, 19940816.0, 1.0, 1.0]
[19940607.0, 19940817.0, 1.0, 0.0]
[19940723.0, 19940817.0, 1.0, 1.0]
[19940608.0, 19940819.0, 1.0, 0.0]
[19940724.0, 19940818.0, 1.0, 1.0]
[19940725.0, 19940819.0, 1.0, 1.0]
[19940610.0, 19940821.0, 1.0, 0.0]
[19940726.0, 19940820.0, 1.0, 1.0]
[19940727.0, 19940821.0, 1.0, 1.0]
[19940611.0, 19940822.0, 1.0, 0.0]
[19940728.0, 19940822.0, 1.0, 1.0]
[19940613.0, 19940823.0, 1.0, 0.0]
[19940729.0, 19940823.0, 1.0, 1.0]
[19940614.0, 19940825.0, 1.0, 0.0]
[19940730.0, 19940824.0, 1.0, 1.0]
[19940731.0, 19940825.0, 1.0, 1.0]
[19940616.0, 19940826.0, 1.0, 0.0]
[19940732.0, 19940826.0, 1.0, 1.0]
[19940617.0, 19940827.0, 1.0, 0.0]
[19940802.0, 19940827.0, 1.0, 1.0]
[19940618.0, 19940828.0, 1.0, 0.0]
[19940803.0, 19940828.0, 1.0, 1.0]
[19940619.0, 19940829.0, 1.0, 0.0]
[19940804.0, 19940829.0, 1.0, 1.0]
[19940620.0, 19940830.0, 1.0, 0.0]
[19940805.0, 19940830.0, 1.0, 1.0]
[19940621.0, 19940901.0, 1.0, 0.0]
[19940807.0, 19940901.0, 1.0, 1.0]
[19940622.0, 19940902.0, 1.0, 0.0]
[19940808.0, 19940902.0, 1.0, 1.0]
[19940623.0, 19940904.0, 1.0, 0.0]
[19940809.0, 19940904.0, 1.0, 1.0]
[19940625.0, 19940905.0, 1.0, 0.0]
[19940810.0, 19940905.0, 1.0, 1.0]
[19940626.0, 19940907.0, 1.0, 0.0]
[19940811.0, 19940906.0, 1.0, 1.0]
[19940812.0, 19940907.0, 1.0, 1.0]
[19940628.0, 19940908.0, 1.0, 0.0]
[19940813.0, 19940908.0, 1.0, 1.0]
[19940629.0, 19940909.0, 1.0, 0.0]
[19940630.0, 19940910.0, 1.0, 0.0]
[19940814.0, 19940910.0, 1.0, 1.0]
[19940631.0, 19940911.0, 1.0, 0.0]
[19940816.0, 19940911.0, 1.0, 1.0]
[19940702.0, 19940912.0, 1.0, 0.0]
[19940817.0, 19940912.0, 1.0, 1.0]
[19940703.0, 19940913.0, 1.0, 0.0]
[19940818.0, 19940913.0, 1.0, 1.0]
[19940705.0, 19940914.0, 1.0, 0.0]
[19940819.0, 19940914.0, 1.0, 1.0]
[19940706.0, 19940915.0, 1.0, 0.0]
[19940820.0, 19940915.0, 1.0, 1.0]
[19940707.0, 19940917.0, 1.0, 0.0]
[19940821.0, 19940916.0, 1.0, 1.0]
[19940822.0, 19940917.0, 1.0, 1.0]
[19940708.0, 19940919.0, 1.0, 0.0]
[19940823.0, 19940918.0, 1.0, 1.0]
[19940824.0, 19940919.0, 1.0, 1.0]
[19940710.0, 19940920.0, 1.0, 0.0]
[19940825.0, 19940920.0, 1.0, 1.0]
[19940711.0, 19940921.0, 1.0, 0.0]
[19940826.0, 19940921.0, 1.0, 1.0]
[19940712.0, 19940922.0, 1.0, 0.0]
[19940827.0, 19940922.0, 1.0, 1.0]
[19940713.0, 19940924.0, 1.0, 0.0]
[19940828.0, 19940923.0, 1.0, 1.0]
[19940829.0, 19940924.0, 1.0, 1.0]
[19940714.0, 19940925.0, 1.0, 0.0]
[19940716.0, 19940926.0, 1.0, 0.0]
[19940830.0, 19940926.0, 1.0, 1.0]
[19940717.0, 19940927.0, 1.0, 0.0]
[19940832.0, 19940927.0, 1.0, 1.0]
[19940718.0, 19940928.0, 1.0, 0.0]
[19940902.0, 19940928.0, 1.0, 1.0]
[19940719.0, 19940929.0, 1.0, 0.0]
[19940903.0, 19940929.0, 1.0, 1.0]
[19940720.0, 19941001.0, 1.0, 0.0]
[19940904.0, 19941001.0, 1.0, 1.0]
[19940721.0, 19941002.0, 1.0, 0.0]
[19940905.0, 19941002.0, 1.0, 1.0]
[19940723.0, 19941003.0, 1.0, 0.0]
[19940906.0, 19941003.0, 1.0, 1.0]
[19940724.0, 19941004.0, 1.0, 0.0]
[19940908.0, 19941004.0, 1.0, 1.0]
[19940725.0, 19941005.0, 1.0, 0.0]
[19940909.0, 19941005.0, 1.0, 1.0]
[19940726.0, 19941006.0, 1.0, 0.0]
[19940910.0, 19941006.0, 1.0, 1.0]
[19940727.0, 19941007.0, 1.0, 0.0]
[19940911.0, 19941007.0, 1.0, 1.0]
[19940728.0, 19941008.0, 1.0, 0.0]
[19940912.0, 19941008.0, 1.0, 1.0]
[19940729.0, 19941010.0, 1.0, 0.0]
[19940913.0, 19941010.0, 1.0, 1.0]
[19940731.0, 19941012.0, 1.0, 0.0]
[19940915.0, 19941012.0, 1.0, 1.0]
[19940802.0, 19941014.0, 1.0, 0.0]
[19940916.0, 19941014.0, 1.0, 1.0]
[19940803.0, 19941015.0, 1.0, 0.0]
[19940918.0, 19941015.0, 1.0, 1.0]
[19940804.0, 19941016.0, 1.0, 0.0]
[19940919.0, 19941016.0, 1.0, 1.0]
[19940806.0, 19941017.0, 1.0, 0.0]
[19940921.0, 19941017.0, 1.0, 1.0]
[19940807.0, 19941018.0, 1.0, 0.0]
[19940922.0, 19941018.0, 1.0, 1.0]
[19940809.0, 19941020.0, 1.0, 0.0]
[19940923.0, 19941019.0, 1.0, 1.0]
[19940924.0, 19941020.0, 1.0, 1.0]
[19940810.0, 19941021.0, 1.0, 0.0]
[19940925.0, 19941021.0, 1.0, 1.0]
[19940811.0, 19941022.0, 1.0, 0.0]
[19940926.0, 19941022.0, 1.0, 1.0]
[19940812.0, 19941024.0, 1.0, 0.0]
[19940927.0, 19941023.0, 1.0, 1.0]
[19940928.0, 19941024.0, 1.0, 1.0]
[19940813.0, 19941025.0, 1.0, 0.0]
[19940929.0, 19941025.0, 1.0, 1.0]
[19940814.0, 19941027.0, 1.0, 0.0]
[19940930.0, 19941027.0, 1.0, 1.0]
[19940815.0, 19941028.0, 1.0, 0.0]
[19941002.0, 19941028.0, 1.0, 1.0]
[19940816.0, 19941029.0, 1.0, 0.0]
[19941003.0, 19941029.0, 1.0, 1.0]
[19940817.0, 19941030.0, 1.0, 0.0]
[19941004.0, 19941030.0, 1.0, 1.0]
[19940820.0, 19941101.0, 1.0, 0.0]
[19941006.0, 19941101.0, 1.0, 1.0]
[19940821.0, 19941102.0, 1.0, 0.0]
[19940823.0, 19941103.0, 1.0, 0.0]
[19941008.0, 19941103.0, 1.0, 1.0]
[19940825.0, 19941104.0, 1.0, 0.0]
[19941009.0, 19941104.0, 1.0, 1.0]
[19940826.0, 19941105.0, 1.0, 0.0]
[19941011.0, 19941105.0, 1.0, 1.0]
[19940827.0, 19941106.0, 1.0, 0.0]
[19941012.0, 19941106.0, 1.0, 1.0]
[19940828.0, 19941107.0, 1.0, 0.0]
[19940829.0, 19941109.0, 1.0, 0.0]
[19941013.0, 19941108.0, 1.0, 1.0]
[19941014.0, 19941109.0, 1.0, 1.0]
[19940830.0, 19941110.0, 1.0, 0.0]
[19941015.0, 19941110.0, 1.0, 1.0]
[19940831.0, 19941111.0, 1.0, 0.0]
[19941016.0, 19941111.0, 1.0, 1.0]
[19940832.0, 19941112.0, 1.0, 0.0]
[19940902.0, 19941113.0, 1.0, 0.0]
[19941018.0, 19941113.0, 1.0, 1.0]
[19940903.0, 19941115.0, 1.0, 0.0]
[19941019.0, 19941114.0, 1.0, 1.0]
[19941020.0, 19941115.0, 1.0, 1.0]
[19940904.0, 19941116.0, 1.0, 0.0]
[19940905.0, 19941118.0, 1.0, 0.0]
[19941021.0, 19941117.0, 1.0, 1.0]
[19941022.0, 19941118.0, 1.0, 1.0]
[19940907.0, 19941119.0, 1.0, 0.0]
[19940908.0, 19941120.0, 1.0, 0.0]
[19941024.0, 19941120.0, 1.0, 1.0]
[19940909.0, 19941121.0, 1.0, 0.0]
[19941025.0, 19941121.0, 1.0, 1.0]
[19940910.0, 19941122.0, 1.0, 0.0]
[19941027.0, 19941122.0, 1.0, 1.0]
[19940911.0, 19941123.0, 1.0, 0.0]
[19940912.0, 19941125.0, 1.0, 0.0]
[19941028.0, 19941124.0, 1.0, 1.0]
[19941029.0, 19941125.0, 1.0, 1.0]
[19940913.0, 19941126.0, 1.0, 0.0]
[19941030.0, 19941126.0, 1.0, 1.0]
[19940914.0, 19941127.0, 1.0, 0.0]
[19941031.0, 19941127.0, 1.0, 1.0]
[19940915.0, 19941129.0, 1.0, 0.0]
[19941032.0, 19941128.0, 1.0, 1.0]
[19941102.0, 19941129.0, 1.0, 1.0]
[19940918.0, 19941201.0, 1.0, 0.0]
[19941104.0, 19941201.0, 1.0, 1.0]
[19940919.0, 19941202.0, 1.0, 0.0]
[19941105.0, 19941202.0, 1.0, 1.0]
[19940921.0, 19941203.0, 1.0, 0.0]
[19941106.0, 19941203.0, 1.0, 1.0]
[19940922.0, 19941204.0, 1.0, 0.0]
[19941108.0, 19941204.0, 1.0, 1.0]
[19940923.0, 19941205.0, 1.0, 0.0]
[19941109.0, 19941205.0, 1.0, 1.0]
[19940924.0, 19941206.0, 1.0, 0.0]
[19941110.0, 19941206.0, 1.0, 1.0]
[19940925.0, 19941207.0, 1.0, 0.0]
[19941111.0, 19941207.0, 1.0, 1.0]
[19940926.0, 19941208.0, 1.0, 0.0]
[19941112.0, 19941208.0, 1.0, 1.0]
[19940927.0, 19941209.0, 1.0, 0.0]
[19941113.0, 19941209.0, 1.0, 1.0]
[19940928.0, 19941210.0, 1.0, 0.0]
[19941114.0, 19941210.0, 1.0, 1.0]
[19940929.0, 19941211.0, 1.0, 0.0]
[19941115.0, 19941211.0, 1.0, 1.0]
[19940930.0, 19941212.0, 1.0, 0.0]
[19941116.0, 19941212.0, 1.0, 1.0]
[19940931.0, 19941213.0, 1.0, 0.0]
[19941117.0, 19941213.0, 1.0, 1.0]
[19941002.0, 19941214.0, 1.0, 0.0]
[19941118.0, 19941214.0, 1.0, 1.0]
[19941003.0, 19941215.0, 1.0, 0.0]
[19941119.0, 19941215.0, 1.0, 1.0]
[19941004.0, 19941216.0, 1.0, 0.0]
[19941120.0, 19941216.0, 1.0, 1.0]
[19941005.0, 19941217.0, 1.0, 0.0]
[19941121.0, 19941217.0, 1.0, 1.0]
[19941007.0, 19941218.0, 1.0, 0.0]
[19941122.0, 19941218.0, 1.0, 1.0]
[19941008.0, 19941219.0, 1.0, 0.0]
[19941123.0, 19941219.0, 1.0, 1.0]
[19941009.0, 19941220.0, 1.0, 0.0]
[19941124.0, 19941220.0, 1.0, 1.0]
[19941010.0, 19941221.0, 1.0, 0.0]
[19941125.0, 19941221.0, 1.0, 1.0]
[19941011.0, 19941222.0, 1.0, 0.0]
[19941126.0, 19941222.0, 1.0, 1.0]
[19941012.0, 19941223.0, 1.0, 0.0]
[19941127.0, 19941223.0, 1.0, 1.0]
[19941013.0, 19941224.0, 1.0, 0.0]
[19941128.0, 19941224.0, 1.0, 1.0]
[19941014.0, 19941225.0, 1.0, 0.0]
[19941129.0, 19941225.0, 1.0, 1.0]
[19941016.0, 19941226.0, 1.0, 0.0]
[19941130.0, 19941226.0, 1.0, 1.0]
[19941017.0, 19941227.0, 1.0, 0.0]
[19941131.0, 19941227.0, 1.0, 1.0]
[19941018.0, 19941229.0, 1.0, 0.0]
[19941202.0, 19941228.0, 1.0, 1.0]
[19941203.0, 19941229.0, 1.0, 1.0]
[19941019.0, 19941230.0, 1.0, 0.0]
[19941204.0, 19941230.0, 1.0, 1.0]
[19941021.0, 19950101.0, 1.0, 0.0]
[19941206.0, 19950101.0, 1.0, 1.0]
[19940618.0, 19940714.0, 1.0, 1.0]
[19940617.0, 19940713.0, 1.0, 1.0]
[19940616.0, 19940712.0, 1.0, 1.0]
[19940615.0, 19940711.0, 1.0, 1.0]
[19940613.0, 19940710.0, 1.0, 1.0]
[19940612.0, 19940709.0, 1.0, 1.0]
[19940611.0, 19940708.0, 1.0, 1.0]
[19940610.0, 19940707.0, 1.0, 1.0]
[19940609.0, 19940705.0, 1.0, 1.0]
[19940608.0, 19940703.0, 1.0, 1.0]
[19940607.0, 19940702.0, 1.0, 1.0]
[19940606.0, 19940701.0, 1.0, 1.0]
[19940603.0, 19940629.0, 1.0, 1.0]
[19940602.0, 19940628.0, 1.0, 1.0]
[19940532.0, 19940627.0, 1.0, 1.0]
[19940531.0, 19940626.0, 1.0, 1.0]
[19940530.0, 19940625.0, 1.0, 1.0]
[19940529.0, 19940624.0, 1.0, 1.0]
[19940528.0, 19940623.0, 1.0, 1.0]
[19940527.0, 19940622.0, 1.0, 1.0]
[19940526.0, 19940621.0, 1.0, 1.0]
[19940619.0, 19940715.0, 1.0, 1.0]
[19940620.0, 19940716.0, 1.0, 1.0]
[19940621.0, 19940717.0, 1.0, 1.0]
[19940622.0, 19940718.0, 1.0, 1.0]
[19940623.0, 19940719.0, 1.0, 1.0]
[19940624.0, 19940720.0, 1.0, 1.0]
[19940625.0, 19940721.0, 1.0, 1.0]
[19940626.0, 19940722.0, 1.0, 1.0]
[19940627.0, 19940723.0, 1.0, 1.0]
[19940629.0, 19940724.0, 1.0, 1.0]
[19940630.0, 19940726.0, 1.0, 1.0]
[19940702.0, 19940727.0, 1.0, 1.0]
[19940703.0, 19940728.0, 1.0, 1.0]
[19940704.0, 19940729.0, 1.0, 1.0]
[19940705.0, 19940730.0, 1.0, 1.0]
[19940707.0, 19940801.0, 1.0, 1.0]
[19940708.0, 19940802.0, 1.0, 1.0]
[19940709.0, 19940803.0, 1.0, 1.0]
[19940710.0, 19940804.0, 1.0, 1.0]
[19940711.0, 19940805.0, 1.0, 1.0]
[19940712.0, 19940806.0, 1.0, 1.0]
[19940713.0, 19940807.0, 1.0, 1.0]
[19940527, 19940808.0, 0.0, 1.0]
[19940526, 19940807.0, 0.0, 1.0]
[19940524, 19940806.0, 0.0, 1.0]
[19940523, 19940804.0, 0.0, 1.0]
[19940529.0, 19940810.0, 0.0, 1.0]
[19940531.0, 19940812.0, 0.0, 1.0]
[19940603.0, 19940814.0, 0.0, 1.0]
[19940605.0, 19940816.0, 0.0, 1.0]
[19940607.0, 19940818.0, 0.0, 1.0]
[19940609.0, 19940820.0, 0.0, 1.0]
[19940610.0, 19940822.0, 0.0, 1.0]
[19940612.0, 19940824.0, 0.0, 1.0]
[19940614.0, 19940826.0, 0.0, 1.0]
[19940617.0, 19940828.0, 0.0, 1.0]
[19940619.0, 19940830.0, 0.0, 1.0]
[19940620.0, 19940901.0, 0.0, 1.0]
[19940622.0, 19940903.0, 0.0, 1.0]
[19940624.0, 19940905.0, 0.0, 1.0]
[19940626.0, 19940907.0, 0.0, 1.0]
[19940628.0, 19940909.0, 0.0, 1.0]
[19940630.0, 19940911.0, 0.0, 1.0]
[19940702.0, 19940913.0, 0.0, 1.0]
[19940704.0, 19940915.0, 0.0, 1.0]
[19940706.0, 19940917.0, 0.0, 1.0]
[19940708.0, 19940919.0, 0.0, 1.0]
[19940710.0, 19940921.0, 0.0, 1.0]
[19940712.0, 19940923.0, 0.0, 1.0]
[19940714.0, 19940926.0, 0.0, 1.0]
[19940528.0, 19940809.0, 0.0, 1.0]

2

[19940101, 19950101.0, 0.0, 0.0]
[19940410, 19940924.0, 1.0, 0.0]
[19940409, 19940923.0, 1.0, 0.0]
[19940409, 19940622.0, 1.0, 1.0]
[19940408, 19940922.0, 1.0, 0.0]
[19940408, 19940621.0, 1.0, 1.0]
[19940407, 19940921.0, 1.0, 0.0]
[19940407, 19940619.0, 1.0, 1.0]
[19940406, 19940920.0, 1.0, 0.0]
[19940406, 19940618.0, 1.0, 1.0]
[19940405, 19940919.0, 1.0, 0.0]
[19940405, 19940617.0, 1.0, 1.0]
[19940404, 19940918.0, 1.0, 0.0]
[19940404, 19940616.0, 1.0, 1.0]
[19940403, 19940916.0, 1.0, 0.0]
[19940402, 19940915.0, 1.0, 0.0]
[19940402, 19940615.0, 1.0, 1.0]
[19940332, 19940914.0, 1.0, 0.0]
[19940332, 19940613.0, 1.0, 1.0]
[19940331, 19940913.0, 1.0, 0.0]
[19940331, 19940612.0, 1.0, 1.0]
[19940330, 19940912.0, 1.0, 0.0]
[19940330, 19940611.0, 1.0, 1.0]
[19940329, 19940911.0, 1.0, 0.0]
[19940329, 19940610.0, 1.0, 1.0]
[19940328, 19940910.0, 1.0, 0.0]
[19940328, 19940609.0, 1.0, 1.0]
[19940327, 19940909.0, 1.0, 0.0]
[19940327, 19940608.0, 1.0, 1.0]
[19940326, 19940908.0, 1.0, 0.0]
[19940325, 19940907.0, 1.0, 0.0]
[19940325, 19940607.0, 1.0, 1.0]
[19940324, 19940906.0, 1.0, 0.0]
[19940324, 19940605.0, 1.0, 1.0]
[19940323, 19940905.0, 1.0, 0.0]
[19940323, 19940604.0, 1.0, 1.0]
[19940322, 19940904.0, 1.0, 0.0]
[19940322, 19940603.0, 1.0, 1.0]
[19940321, 19940903.0, 1.0, 0.0]
[19940321, 19940602.0, 1.0, 1.0]
[19940319, 19940901.0, 1.0, 0.0]
[19940320, 19940601.0, 1.0, 1.0]
[19940318, 19940830.0, 1.0, 0.0]
[19940318, 19940530.0, 1.0, 1.0]
[19940317, 19940829.0, 1.0, 0.0]
[19940317, 19940529.0, 1.0, 1.0]
[19940316, 19940828.0, 1.0, 0.0]
[19940316, 19940528.0, 1.0, 1.0]
[19940315, 19940827.0, 1.0, 0.0]
[19940315, 19940527.0, 1.0, 1.0]
[19940313, 19940826.0, 1.0, 0.0]
[19940314, 19940526.0, 1.0, 1.0]
[19940313, 19940525.0, 1.0, 1.0]
[19940312, 19940825.0, 1.0, 0.0]
[19940312, 19940524.0, 1.0, 1.0]
[19940311, 19940824.0, 1.0, 0.0]
[19940311, 19940523.0, 1.0, 1.0]
[19940310, 19940823.0, 1.0, 0.0]
[19940310, 19940522.0, 1.0, 1.0]
[19940309, 19940822.0, 1.0, 0.0]
[19940309, 19940521.0, 1.0, 1.0]
[19940307, 19940820.0, 1.0, 0.0]
[19940308, 19940520.0, 1.0, 1.0]
[19940307, 19940519.0, 1.0, 1.0]
[19940306, 19940819.0, 1.0, 0.0]
[19940306, 19940518.0, 1.0, 1.0]
[19940305, 19940818.0, 1.0, 0.0]
[19940305, 19940517.0, 1.0, 1.0]
[19940303, 19940817.0, 1.0, 0.0]
[19940304, 19940516.0, 1.0, 1.0]
[19940303, 19940515.0, 1.0, 1.0]
[19940302, 19940816.0, 1.0, 0.0]
[19940302, 19940514.0, 1.0, 1.0]
[19940229, 19940814.0, 1.0, 0.0]
[19940229, 19940513.0, 1.0, 1.0]
[19940228, 19940813.0, 1.0, 0.0]
[19940228, 19940512.0, 1.0, 1.0]
[19940226, 19940812.0, 1.0, 0.0]
[19940227, 19940511.0, 1.0, 1.0]
[19940226, 19940510.0, 1.0, 1.0]
[19940225, 19940811.0, 1.0, 0.0]
[19940225, 19940509.0, 1.0, 1.0]
[19940224, 19940810.0, 1.0, 0.0]
[19940224, 19940508.0, 1.0, 1.0]
[19940223, 19940809.0, 1.0, 0.0]
[19940223, 19940507.0, 1.0, 1.0]
[19940222, 19940808.0, 1.0, 0.0]
[19940222, 19940506.0, 1.0, 1.0]
[19940221, 19940807.0, 1.0, 0.0]
[19940221, 19940505.0, 1.0, 1.0]
[19940220, 19940806.0, 1.0, 0.0]
[19940220, 19940504.0, 1.0, 1.0]
[19940219, 19940805.0, 1.0, 0.0]
[19940219, 19940503.0, 1.0, 1.0]
[19940218, 19940804.0, 1.0, 0.0]
[19940218, 19940502.0, 1.0, 1.0]
[19940217, 19940803.0, 1.0, 0.0]
[19940217, 19940501.0, 1.0, 1.0]
[19940216, 19940802.0, 1.0, 0.0]
[19940215, 19940801.0, 1.0, 0.0]
[19940215, 19940429.0, 1.0, 1.0]
[19940213, 19940730.0, 1.0, 0.0]
[19940214, 19940428.0, 1.0, 1.0]
[19940213, 19940427.0, 1.0, 1.0]
[19940212, 19940729.0, 1.0, 0.0]
[19940212, 19940426.0, 1.0, 1.0]
[19940211, 19940728.0, 1.0, 0.0]
[19940211, 19940425.0, 1.0, 1.0]
[19940210, 19940727.0, 1.0, 0.0]
[19940210, 19940424.0, 1.0, 1.0]
[19940209, 19940726.0, 1.0, 0.0]
[19940209, 19940423.0, 1.0, 1.0]
[19940208, 19940725.0, 1.0, 0.0]
[19940208, 19940422.0, 1.0, 1.0]
[19940207, 19940724.0, 1.0, 0.0]
[19940207, 19940421.0, 1.0, 1.0]
[19940206, 19940723.0, 1.0, 0.0]
[19940206, 19940420.0, 1.0, 1.0]
[19940205, 19940722.0, 1.0, 0.0]
[19940205, 19940419.0, 1.0, 1.0]
[19940204, 19940721.0, 1.0, 0.0]
[19940204, 19940418.0, 1.0, 1.0]
[19940203, 19940719.0, 1.0, 0.0]
[19940203, 19940416.0, 1.0, 1.0]
[19940132, 19940718.0, 1.0, 0.0]
[19940132, 19940415.0, 1.0, 1.0]
[19940131, 19940717.0, 1.0, 0.0]
[19940131, 19940414.0, 1.0, 1.0]
[19940130, 19940716.0, 1.0, 0.0]
[19940130, 19940413.0, 1.0, 1.0]
[19940129, 19940715.0, 1.0, 0.0]
[19940129, 19940412.0, 1.0, 1.0]
[19940128, 19940714.0, 1.0, 0.0]
[19940128, 19940410.0, 1.0, 1.0]
[19940127, 19940713.0, 1.0, 0.0]
[19940125, 19940712.0, 1.0, 0.0]
[19940126, 19940409.0, 1.0, 1.0]
[19940125, 19940408.0, 1.0, 1.0]
[19940124, 19940711.0, 1.0, 0.0]
[19940124, 19940407.0, 1.0, 1.0]
[19940122, 19940710.0, 1.0, 0.0]
[19940123, 19940406.0, 1.0, 1.0]
[19940122, 19940405.0, 1.0, 1.0]
[19940121, 19940709.0, 1.0, 0.0]
[19940121, 19940404.0, 1.0, 1.0]
[19940120, 19940708.0, 1.0, 0.0]
[19940120, 19940403.0, 1.0, 1.0]
[19940119, 19940707.0, 1.0, 0.0]
[19940119, 19940401.0, 1.0, 1.0]
[19940118, 19940706.0, 1.0, 0.0]
[19940117, 19940704.0, 1.0, 0.0]
[19940117, 19940330.0, 1.0, 1.0]
[19940116, 19940703.0, 1.0, 0.0]
[19940116, 19940329.0, 1.0, 1.0]
[19940115, 19940702.0, 1.0, 0.0]
[19940115, 19940328.0, 1.0, 1.0]
[19940112, 19940629.0, 1.0, 0.0]
[19940114, 19940327.0, 1.0, 1.0]
[19940113, 19940326.0, 1.0, 1.0]
[19940112, 19940325.0, 1.0, 1.0]
[19940111, 19940628.0, 1.0, 0.0]
[19940111, 19940324.0, 1.0, 1.0]
[19940109, 19940627.0, 1.0, 0.0]
[19940110, 19940323.0, 1.0, 1.0]
[19940109, 19940322.0, 1.0, 1.0]
[19940108, 19940626.0, 1.0, 0.0]
[19940108, 19940321.0, 1.0, 1.0]
[19940107, 19940625.0, 1.0, 0.0]
[19940107, 19940320.0, 1.0, 1.0]
[19940106, 19940624.0, 1.0, 0.0]
[19940106, 19940319.0, 1.0, 1.0]
[19940105, 19940622.0, 1.0, 0.0]
[19940105, 19940318.0, 1.0, 1.0]
[19940104, 19940621.0, 1.0, 0.0]
[19940104, 19940317.0, 1.0, 1.0]
[19940103, 19940620.0, 1.0, 0.0]
[19940103, 19940316.0, 1.0, 1.0]
[19940102, 19940619.0, 1.0, 0.0]
[19940102, 19940315.0, 1.0, 1.0]
[19940101, 19940618.0, 1.0, 0.0]
[19940101, 19940314.0, 1.0, 1.0]
[19940411.0, 19940925.0, 1.0, 0.0]
[19940714.0, 19940925.0, 1.0, 1.0]
[19940412.0, 19940926.0, 1.0, 0.0]
[19940715.0, 19940926.0, 1.0, 1.0]
[19940413.0, 19940927.0, 1.0, 0.0]
[19940717.0, 19940927.0, 1.0, 1.0]
[19940414.0, 19940928.0, 1.0, 0.0]
[19940415.0, 19940929.0, 1.0, 0.0]
[19940718.0, 19940929.0, 1.0, 1.0]
[19940417.0, 19941001.0, 1.0, 0.0]
[19940720.0, 19941001.0, 1.0, 1.0]
[19940418.0, 19941002.0, 1.0, 0.0]
[19940721.0, 19941002.0, 1.0, 1.0]
[19940419.0, 19941003.0, 1.0, 0.0]
[19940722.0, 19941003.0, 1.0, 1.0]
[19940420.0, 19941004.0, 1.0, 0.0]
[19940723.0, 19941004.0, 1.0, 1.0]
[19940422.0, 19941005.0, 1.0, 0.0]
[19940724.0, 19941005.0, 1.0, 1.0]
[19940423.0, 19941006.0, 1.0, 0.0]
[19940725.0, 19941006.0, 1.0, 1.0]
[19940424.0, 19941007.0, 1.0, 0.0]
[19940726.0, 19941007.0, 1.0, 1.0]
[19940425.0, 19941008.0, 1.0, 0.0]
[19940728.0, 19941008.0, 1.0, 1.0]
[19940426.0, 19941009.0, 1.0, 0.0]
[19940427.0, 19941010.0, 1.0, 0.0]
[19940729.0, 19941010.0, 1.0, 1.0]
[19940428.0, 19941011.0, 1.0, 0.0]
[19940429.0, 19941012.0, 1.0, 0.0]
[19940731.0, 19941012.0, 1.0, 1.0]
[19940430.0, 19941013.0, 1.0, 0.0]
[19940732.0, 19941013.0, 1.0, 1.0]
[19940431.0, 19941014.0, 1.0, 0.0]
[19940802.0, 19941014.0, 1.0, 1.0]
[19940502.0, 19941015.0, 1.0, 0.0]
[19940803.0, 19941015.0, 1.0, 1.0]
[19940503.0, 19941016.0, 1.0, 0.0]
[19940804.0, 19941016.0, 1.0, 1.0]
[19940505.0, 19941017.0, 1.0, 0.0]
[19940805.0, 19941017.0, 1.0, 1.0]
[19940506.0, 19941018.0, 1.0, 0.0]
[19940806.0, 19941018.0, 1.0, 1.0]
[19940507.0, 19941019.0, 1.0, 0.0]
[19940807.0, 19941019.0, 1.0, 1.0]
[19940508.0, 19941020.0, 1.0, 0.0]
[19940509.0, 19941021.0, 1.0, 0.0]
[19940809.0, 19941021.0, 1.0, 1.0]
[19940510.0, 19941022.0, 1.0, 0.0]
[19940810.0, 19941022.0, 1.0, 1.0]
[19940511.0, 19941024.0, 1.0, 0.0]
[19940811.0, 19941023.0, 1.0, 1.0]
[19940512.0, 19941025.0, 1.0, 0.0]
[19940812.0, 19941025.0, 1.0, 1.0]
[19940513.0, 19941026.0, 1.0, 0.0]
[19940514.0, 19941027.0, 1.0, 0.0]
[19940813.0, 19941027.0, 1.0, 1.0]
[19940515.0, 19941028.0, 1.0, 0.0]
[19940815.0, 19941028.0, 1.0, 1.0]
[19940516.0, 19941030.0, 1.0, 0.0]
[19940816.0, 19941029.0, 1.0, 1.0]
[19940817.0, 19941030.0, 1.0, 1.0]
[19940519.0, 19941101.0, 1.0, 0.0]
[19940820.0, 19941101.0, 1.0, 1.0]
[19940520.0, 19941102.0, 1.0, 0.0]
[19940821.0, 19941102.0, 1.0, 1.0]
[19940521.0, 19941103.0, 1.0, 0.0]
[19940822.0, 19941103.0, 1.0, 1.0]
[19940522.0, 19941104.0, 1.0, 0.0]
[19940823.0, 19941104.0, 1.0, 1.0]
[19940523.0, 19941105.0, 1.0, 0.0]
[19940824.0, 19941105.0, 1.0, 1.0]
[19940525.0, 19941106.0, 1.0, 0.0]
[19940526.0, 19941108.0, 1.0, 0.0]
[19940826.0, 19941107.0, 1.0, 1.0]
[19940528.0, 19941110.0, 1.0, 0.0]
[19940828.0, 19941109.0, 1.0, 1.0]
[19940829.0, 19941110.0, 1.0, 1.0]
[19940529.0, 19941111.0, 1.0, 0.0]
[19940830.0, 19941111.0, 1.0, 1.0]
[19940530.0, 19941112.0, 1.0, 0.0]
[19940831.0, 19941112.0, 1.0, 1.0]
[19940532.0, 19941114.0, 1.0, 0.0]
[19940832.0, 19941113.0, 1.0, 1.0]
[19940902.0, 19941114.0, 1.0, 1.0]
[19940602.0, 19941115.0, 1.0, 0.0]
[19940903.0, 19941115.0, 1.0, 1.0]
[19940603.0, 19941116.0, 1.0, 0.0]
[19940904.0, 19941116.0, 1.0, 1.0]
[19940604.0, 19941117.0, 1.0, 0.0]
[19940605.0, 19941118.0, 1.0, 0.0]
[19940905.0, 19941118.0, 1.0, 1.0]
[19940606.0, 19941119.0, 1.0, 0.0]
[19940907.0, 19941119.0, 1.0, 1.0]
[19940607.0, 19941120.0, 1.0, 0.0]
[19940908.0, 19941120.0, 1.0, 1.0]
[19940608.0, 19941121.0, 1.0, 0.0]
[19940909.0, 19941121.0, 1.0, 1.0]
[19940609.0, 19941122.0, 1.0, 0.0]
[19940910.0, 19941122.0, 1.0, 1.0]
[19940610.0, 19941124.0, 1.0, 0.0]
[19940911.0, 19941124.0, 1.0, 1.0]
[19940611.0, 19941125.0, 1.0, 0.0]
[19940912.0, 19941125.0, 1.0, 1.0]
[19940613.0, 19941126.0, 1.0, 0.0]
[19940913.0, 19941126.0, 1.0, 1.0]
[19940614.0, 19941128.0, 1.0, 0.0]
[19940914.0, 19941127.0, 1.0, 1.0]
[19940915.0, 19941128.0, 1.0, 1.0]
[19940615.0, 19941129.0, 1.0, 0.0]
[19940916.0, 19941129.0, 1.0, 1.0]
[19940617.0, 19941201.0, 1.0, 0.0]
[19940918.0, 19941201.0, 1.0, 1.0]
[19940619.0, 19941202.0, 1.0, 0.0]
[19940919.0, 19941202.0, 1.0, 1.0]
[19940620.0, 19941203.0, 1.0, 0.0]
[19940920.0, 19941203.0, 1.0, 1.0]
[19940621.0, 19941204.0, 1.0, 0.0]
[19940921.0, 19941204.0, 1.0, 1.0]
[19940622.0, 19941205.0, 1.0, 0.0]
[19940922.0, 19941205.0, 1.0, 1.0]
[19940623.0, 19941206.0, 1.0, 0.0]
[19940923.0, 19941206.0, 1.0, 1.0]
[19940624.0, 19941207.0, 1.0, 0.0]
[19940924.0, 19941207.0, 1.0, 1.0]
[19940625.0, 19941209.0, 1.0, 0.0]
[19940925.0, 19941208.0, 1.0, 1.0]
[19940926.0, 19941209.0, 1.0, 1.0]
[19940626.0, 19941210.0, 1.0, 0.0]
[19940927.0, 19941210.0, 1.0, 1.0]
[19940627.0, 19941211.0, 1.0, 0.0]
[19940928.0, 19941211.0, 1.0, 1.0]
[19940629.0, 19941212.0, 1.0, 0.0]
[19940929.0, 19941212.0, 1.0, 1.0]
[19940630.0, 19941214.0, 1.0, 0.0]
[19940930.0, 19941213.0, 1.0, 1.0]
[19941002.0, 19941214.0, 1.0, 1.0]
[19940702.0, 19941215.0, 1.0, 0.0]
[19941003.0, 19941215.0, 1.0, 1.0]
[19940703.0, 19941216.0, 1.0, 0.0]
[19941004.0, 19941216.0, 1.0, 1.0]
[19940705.0, 19941217.0, 1.0, 0.0]
[19941005.0, 19941217.0, 1.0, 1.0]
[19940706.0, 19941218.0, 1.0, 0.0]
[19941006.0, 19941218.0, 1.0, 1.0]
[19940707.0, 19941219.0, 1.0, 0.0]
[19941007.0, 19941219.0, 1.0, 1.0]
[19940708.0, 19941220.0, 1.0, 0.0]
[19941008.0, 19941220.0, 1.0, 1.0]
[19940709.0, 19941221.0, 1.0, 0.0]
[19941009.0, 19941221.0, 1.0, 1.0]
[19940710.0, 19941222.0, 1.0, 0.0]
[19940711.0, 19941223.0, 1.0, 0.0]
[19941011.0, 19941223.0, 1.0, 1.0]
[19940712.0, 19941224.0, 1.0, 0.0]
[19941012.0, 19941224.0, 1.0, 1.0]
[19940713.0, 19941225.0, 1.0, 0.0]
[19941013.0, 19941225.0, 1.0, 1.0]
[19940714.0, 19941226.0, 1.0, 0.0]
[19941014.0, 19941226.0, 1.0, 1.0]
[19940715.0, 19941227.0, 1.0, 0.0]
[19941015.0, 19941227.0, 1.0, 1.0]
[19940717.0, 19941228.0, 1.0, 0.0]
[19941016.0, 19941228.0, 1.0, 1.0]
[19940718.0, 19941230.0, 1.0, 0.0]
[19941017.0, 19941229.0, 1.0, 1.0]
[19941018.0, 19941230.0, 1.0, 1.0]
[19940720.0, 19950101.0, 1.0, 0.0]
[19941020.0, 19950101.0, 1.0, 1.0]
[19940527.0, 19940808.0, 1.0, 1.0]
[19940526.0, 19940807.0, 1.0, 1.0]
[19940525.0, 19940806.0, 1.0, 1.0]
[19940524.0, 19940805.0, 1.0, 1.0]
[19940523.0, 19940804.0, 1.0, 1.0]
[19940522.0, 19940803.0, 1.0, 1.0]
[19940521.0, 19940802.0, 1.0, 1.0]
[19940520.0, 19940801.0, 1.0, 1.0]
[19940518.0, 19940730.0, 1.0, 1.0]
[19940516.0, 19940729.0, 1.0, 1.0]
[19940515.0, 19940728.0, 1.0, 1.0]
[19940514.0, 19940727.0, 1.0, 1.0]
[19940513.0, 19940726.0, 1.0, 1.0]
[19940512.0, 19940725.0, 1.0, 1.0]
[19940511.0, 19940724.0, 1.0, 1.0]
[19940510.0, 19940723.0, 1.0, 1.0]
[19940509.0, 19940722.0, 1.0, 1.0]
[19940508.0, 19940721.0, 1.0, 1.0]
[19940507.0, 19940720.0, 1.0, 1.0]
[19940506.0, 19940719.0, 1.0, 1.0]
[19940505.0, 19940718.0, 1.0, 1.0]
[19940504.0, 19940717.0, 1.0, 1.0]
[19940503.0, 19940716.0, 1.0, 1.0]
[19940502.0, 19940715.0, 1.0, 1.0]
[19940431.0, 19940714.0, 1.0, 1.0]
[19940430.0, 19940713.0, 1.0, 1.0]
[19940429.0, 19940712.0, 1.0, 1.0]
[19940428.0, 19940711.0, 1.0, 1.0]
[19940427.0, 19940710.0, 1.0, 1.0]
[19940426.0, 19940709.0, 1.0, 1.0]
[19940425.0, 19940708.0, 1.0, 1.0]
[19940424.0, 19940707.0, 1.0, 1.0]
[19940423.0, 19940706.0, 1.0, 1.0]
[19940421.0, 19940704.0, 1.0, 1.0]
[19940420.0, 19940703.0, 1.0, 1.0]
[19940419.0, 19940702.0, 1.0, 1.0]
[19940418.0, 19940701.0, 1.0, 1.0]
[19940416.0, 19940629.0, 1.0, 1.0]
[19940415.0, 19940628.0, 1.0, 1.0]
[19940414.0, 19940627.0, 1.0, 1.0]
[19940413.0, 19940626.0, 1.0, 1.0]
[19940412.0, 19940625.0, 1.0, 1.0]
[19940411.0, 19940624.0, 1.0, 1.0]
[19940410.0, 19940623.0, 1.0, 1.0]
[19940528.0, 19940809.0, 1.0, 1.0]
[19940529.0, 19940810.0, 1.0, 1.0]
[19940530.0, 19940811.0, 1.0, 1.0]
[19940531.0, 19940812.0, 1.0, 1.0]
[19940602.0, 19940813.0, 1.0, 1.0]
[19940603.0, 19940814.0, 1.0, 1.0]
[19940604.0, 19940815.0, 1.0, 1.0]
[19940605.0, 19940816.0, 1.0, 1.0]
[19940606.0, 19940817.0, 1.0, 1.0]
[19940607.0, 19940818.0, 1.0, 1.0]
[19940608.0, 19940819.0, 1.0, 1.0]
[19940609.0, 19940820.0, 1.0, 1.0]
[19940610.0, 19940821.0, 1.0, 1.0]
[19940611.0, 19940822.0, 1.0, 1.0]
[19940612.0, 19940823.0, 1.0, 1.0]
[19940613.0, 19940824.0, 1.0, 1.0]
[19940614.0, 19940825.0, 1.0, 1.0]
[19940615.0, 19940826.0, 1.0, 1.0]
[19940616.0, 19940827.0, 1.0, 1.0]
[19940617.0, 19940828.0, 1.0, 1.0]
[19940618.0, 19940829.0, 1.0, 1.0]
[19940619.0, 19940830.0, 1.0, 1.0]
[19940621.0, 19940901.0, 1.0, 1.0]
[19940622.0, 19940903.0, 1.0, 1.0]
[19940623.0, 19940904.0, 1.0, 1.0]
[19940625.0, 19940906.0, 1.0, 1.0]
[19940626.0, 19940907.0, 1.0, 1.0]
[19940627.0, 19940908.0, 1.0, 1.0]
[19940629.0, 19940909.0, 1.0, 1.0]
[19940630.0, 19940910.0, 1.0, 1.0]
[19940631.0, 19940911.0, 1.0, 1.0]
[19940702.0, 19940912.0, 1.0, 1.0]
[19940703.0, 19940913.0, 1.0, 1.0]
[19940704.0, 19940914.0, 1.0, 1.0]
[19940705.0, 19940915.0, 1.0, 1.0]
[19940706.0, 19940916.0, 1.0, 1.0]
[19940707.0, 19940918.0, 1.0, 1.0]
[19940708.0, 19940919.0, 1.0, 1.0]
[19940709.0, 19940920.0, 1.0, 1.0]
[19940711.0, 19940922.0, 1.0, 1.0]
[19940712.0, 19940923.0, 1.0, 1.0]
[19940713.0, 19940924.0, 1.0, 1.0]
[19940409, 19940925.0, 0.0, 1.0]
[19940408, 19940923.0, 0.0, 1.0]
[19940407, 19940922.0, 0.0, 1.0]
[19940406, 19940921.0, 0.0, 1.0]
[19940405, 19940920.0, 0.0, 1.0]
[19940404, 19940919.0, 0.0, 1.0]
[19940403, 19940918.0, 0.0, 1.0]
[19940402, 19940917.0, 0.0, 1.0]
[19940332, 19940916.0, 0.0, 1.0]
[19940331, 19940915.0, 0.0, 1.0]
[19940329, 19940913.0, 0.0, 1.0]
[19940328, 19940912.0, 0.0, 1.0]
[19940411.0, 19940927.0, 0.0, 1.0]
[19940414.0, 19940929.0, 0.0, 1.0]
[19940415.0, 19941001.0, 0.0, 1.0]
[19940417.0, 19941003.0, 0.0, 1.0]
[19940419.0, 19941005.0, 0.0, 1.0]
[19940421.0, 19941007.0, 0.0, 1.0]
[19940423.0, 19941009.0, 0.0, 1.0]
[19940425.0, 19941011.0, 0.0, 1.0]
[19940426.0, 19941013.0, 0.0, 1.0]
[19940428.0, 19941015.0, 0.0, 1.0]
[19940430.0, 19941018.0, 0.0, 1.0]
[19940410.0, 19940926.0, 0.0, 1.0]

3

[19940101, 19950101.0, 0.0, 0.0]
[19940222, 19941110.0, 1.0, 0.0]
[19940221, 19941108.0, 1.0, 0.0]
[19940221, 19940622.0, 1.0, 1.0]
[19940220, 19941107.0, 1.0, 0.0]
[19940220, 19940621.0, 1.0, 1.0]
[19940219, 19941106.0, 1.0, 0.0]
[19940218, 19941105.0, 1.0, 0.0]
[19940218, 19940619.0, 1.0, 1.0]
[19940217, 19941104.0, 1.0, 0.0]
[19940217, 19940617.0, 1.0, 1.0]
[19940216, 19941103.0, 1.0, 0.0]
[19940216, 19940616.0, 1.0, 1.0]
[19940215, 19941102.0, 1.0, 0.0]
[19940213, 19941101.0, 1.0, 0.0]
[19940214, 19940615.0, 1.0, 1.0]
[19940213, 19940614.0, 1.0, 1.0]
[19940211, 19941030.0, 1.0, 0.0]
[19940211, 19940612.0, 1.0, 1.0]
[19940210, 19941029.0, 1.0, 0.0]
[19940210, 19940611.0, 1.0, 1.0]
[19940209, 19941028.0, 1.0, 0.0]
[19940209, 19940610.0, 1.0, 1.0]
[19940208, 19941027.0, 1.0, 0.0]
[19940208, 19940609.0, 1.0, 1.0]
[19940207, 19941025.0, 1.0, 0.0]
[19940207, 19940608.0, 1.0, 1.0]
[19940206, 19941024.0, 1.0, 0.0]
[19940206, 19940607.0, 1.0, 1.0]
[19940205, 19941023.0, 1.0, 0.0]
[19940205, 19940606.0, 1.0, 1.0]
[19940204, 19941022.0, 1.0, 0.0]
[19940204, 19940605.0, 1.0, 1.0]
[19940203, 19941021.0, 1.0, 0.0]
[19940203, 19940603.0, 1.0, 1.0]
[19940202, 19941020.0, 1.0, 0.0]
[19940132, 19941019.0, 1.0, 0.0]
[19940132, 19940602.0, 1.0, 1.0]
[19940131, 19941018.0, 1.0, 0.0]
[19940129, 19941017.0, 1.0, 0.0]
[19940130, 19940530.0, 1.0, 1.0]
[19940129, 19940529.0, 1.0, 1.0]
[19940128, 19941016.0, 1.0, 0.0]
[19940128, 19940528.0, 1.0, 1.0]
[19940127, 19941015.0, 1.0, 0.0]
[19940127, 19940527.0, 1.0, 1.0]
[19940126, 19941014.0, 1.0, 0.0]
[19940126, 19940526.0, 1.0, 1.0]
[19940125, 19941013.0, 1.0, 0.0]
[19940123, 19941012.0, 1.0, 0.0]
[19940124, 19940525.0, 1.0, 1.0]
[19940123, 19940524.0, 1.0, 1.0]
[19940122, 19941010.0, 1.0, 0.0]
[19940122, 19940523.0, 1.0, 1.0]
[19940121, 19941009.0, 1.0, 0.0]
[19940121, 19940522.0, 1.0, 1.0]
[19940120, 19941008.0, 1.0, 0.0]
[19940120, 19940521.0, 1.0, 1.0]
[19940119, 19941007.0, 1.0, 0.0]
[19940118, 19941006.0, 1.0, 0.0]
[19940118, 19940519.0, 1.0, 1.0]
[19940117, 19941005.0, 1.0, 0.0]
[19940117, 19940518.0, 1.0, 1.0]
[19940116, 19941004.0, 1.0, 0.0]
[19940115, 19941003.0, 1.0, 0.0]
[19940115, 19940516.0, 1.0, 1.0]
[19940114, 19941002.0, 1.0, 0.0]
[19940114, 19940515.0, 1.0, 1.0]
[19940112, 19941001.0, 1.0, 0.0]
[19940113, 19940514.0, 1.0, 1.0]
[19940112, 19940512.0, 1.0, 1.0]
[19940110, 19940929.0, 1.0, 0.0]
[19940111, 19940511.0, 1.0, 1.0]
[19940110, 19940510.0, 1.0, 1.0]
[19940108, 19940927.0, 1.0, 0.0]
[19940109, 19940509.0, 1.0, 1.0]
[19940108, 19940508.0, 1.0, 1.0]
[19940107, 19940926.0, 1.0, 0.0]
[19940107, 19940507.0, 1.0, 1.0]
[19940106, 19940925.0, 1.0, 0.0]
[19940106, 19940506.0, 1.0, 1.0]
[19940105, 19940923.0, 1.0, 0.0]
[19940105, 19940505.0, 1.0, 1.0]
[19940104, 19940922.0, 1.0, 0.0]
[19940104, 19940503.0, 1.0, 1.0]
[19940103, 19940921.0, 1.0, 0.0]
[19940103, 19940502.0, 1.0, 1.0]
[19940102, 19940920.0, 1.0, 0.0]
[19940102, 19940501.0, 1.0, 1.0]
[19940101, 19940919.0, 1.0, 0.0]
[19940101, 19940429.0, 1.0, 1.0]
[19940223.0, 19941111.0, 1.0, 0.0]
[19940714.0, 19941111.0, 1.0, 1.0]
[19940225.0, 19941112.0, 1.0, 0.0]
[19940716.0, 19941112.0, 1.0, 1.0]
[19940226.0, 19941113.0, 1.0, 0.0]
[19940717.0, 19941113.0, 1.0, 1.0]
[19940227.0, 19941114.0, 1.0, 0.0]
[19940228.0, 19941115.0, 1.0, 0.0]
[19940718.0, 19941115.0, 1.0, 1.0]
[19940229.0, 19941117.0, 1.0, 0.0]
[19940719.0, 19941116.0, 1.0, 1.0]
[19940720.0, 19941117.0, 1.0, 1.0]
[19940302.0, 19941118.0, 1.0, 0.0]
[19940721.0, 19941118.0, 1.0, 1.0]
[19940303.0, 19941119.0, 1.0, 0.0]
[19940722.0, 19941119.0, 1.0, 1.0]
[19940304.0, 19941120.0, 1.0, 0.0]
[19940723.0, 19941120.0, 1.0, 1.0]
[19940305.0, 19941121.0, 1.0, 0.0]
[19940724.0, 19941121.0, 1.0, 1.0]
[19940307.0, 19941122.0, 1.0, 0.0]
[19940725.0, 19941122.0, 1.0, 1.0]
[19940308.0, 19941123.0, 1.0, 0.0]
[19940726.0, 19941123.0, 1.0, 1.0]
[19940309.0, 19941125.0, 1.0, 0.0]
[19940727.0, 19941124.0, 1.0, 1.0]
[19940728.0, 19941125.0, 1.0, 1.0]
[19940310.0, 19941126.0, 1.0, 0.0]
[19940729.0, 19941126.0, 1.0, 1.0]
[19940311.0, 19941127.0, 1.0, 0.0]
[19940730.0, 19941127.0, 1.0, 1.0]
[19940312.0, 19941128.0, 1.0, 0.0]
[19940731.0, 19941128.0, 1.0, 1.0]
[19940313.0, 19941129.0, 1.0, 0.0]
[19940732.0, 19941129.0, 1.0, 1.0]
[19940316.0, 19941201.0, 1.0, 0.0]
[19940803.0, 19941201.0, 1.0, 1.0]
[19940317.0, 19941202.0, 1.0, 0.0]
[19940804.0, 19941202.0, 1.0, 1.0]
[19940318.0, 19941203.0, 1.0, 0.0]
[19940805.0, 19941203.0, 1.0, 1.0]
[19940319.0, 19941204.0, 1.0, 0.0]
[19940806.0, 19941204.0, 1.0, 1.0]
[19940321.0, 19941205.0, 1.0, 0.0]
[19940807.0, 19941205.0, 1.0, 1.0]
[19940322.0, 19941207.0, 1.0, 0.0]
[19940808.0, 19941206.0, 1.0, 1.0]
[19940809.0, 19941207.0, 1.0, 1.0]
[19940323.0, 19941208.0, 1.0, 0.0]
[19940324.0, 19941209.0, 1.0, 0.0]
[19940810.0, 19941209.0, 1.0, 1.0]
[19940325.0, 19941211.0, 1.0, 0.0]
[19940811.0, 19941210.0, 1.0, 1.0]
[19940812.0, 19941211.0, 1.0, 1.0]
[19940326.0, 19941212.0, 1.0, 0.0]
[19940328.0, 19941214.0, 1.0, 0.0]
[19940813.0, 19941213.0, 1.0, 1.0]
[19940814.0, 19941214.0, 1.0, 1.0]
[19940330.0, 19941215.0, 1.0, 0.0]
[19940816.0, 19941215.0, 1.0, 1.0]
[19940331.0, 19941216.0, 1.0, 0.0]
[19940817.0, 19941216.0, 1.0, 1.0]
[19940332.0, 19941217.0, 1.0, 0.0]
[19940818.0, 19941217.0, 1.0, 1.0]
[19940402.0, 19941218.0, 1.0, 0.0]
[19940819.0, 19941218.0, 1.0, 1.0]
[19940403.0, 19941219.0, 1.0, 0.0]
[19940821.0, 19941219.0, 1.0, 1.0]
[19940404.0, 19941220.0, 1.0, 0.0]
[19940822.0, 19941220.0, 1.0, 1.0]
[19940406.0, 19941221.0, 1.0, 0.0]
[19940823.0, 19941221.0, 1.0, 1.0]
[19940407.0, 19941222.0, 1.0, 0.0]
[19940824.0, 19941222.0, 1.0, 1.0]
[19940408.0, 19941223.0, 1.0, 0.0]
[19940825.0, 19941223.0, 1.0, 1.0]
[19940409.0, 19941224.0, 1.0, 0.0]
[19940826.0, 19941224.0, 1.0, 1.0]
[19940410.0, 19941226.0, 1.0, 0.0]
[19940827.0, 19941225.0, 1.0, 1.0]
[19940828.0, 19941226.0, 1.0, 1.0]
[19940411.0, 19941227.0, 1.0, 0.0]
[19940829.0, 19941227.0, 1.0, 1.0]
[19940413.0, 19941229.0, 1.0, 0.0]
[19940830.0, 19941229.0, 1.0, 1.0]
[19940415.0, 19941230.0, 1.0, 0.0]
[19940832.0, 19941230.0, 1.0, 1.0]
[19940417.0, 19950101.0, 1.0, 0.0]
[19940903.0, 19950101.0, 1.0, 1.0]
[19940504.0, 19940901.0, 1.0, 1.0]
[19940502.0, 19940830.0, 1.0, 1.0]
[19940431.0, 19940829.0, 1.0, 1.0]
[19940430.0, 19940828.0, 1.0, 1.0]
[19940429.0, 19940827.0, 1.0, 1.0]
[19940428.0, 19940826.0, 1.0, 1.0]
[19940427.0, 19940825.0, 1.0, 1.0]
[19940426.0, 19940824.0, 1.0, 1.0]
[19940425.0, 19940823.0, 1.0, 1.0]
[19940424.0, 19940822.0, 1.0, 1.0]
[19940423.0, 19940821.0, 1.0, 1.0]
[19940422.0, 19940820.0, 1.0, 1.0]
[19940421.0, 19940819.0, 1.0, 1.0]
[19940420.0, 19940818.0, 1.0, 1.0]
[19940419.0, 19940817.0, 1.0, 1.0]
[19940418.0, 19940816.0, 1.0, 1.0]
[19940417.0, 19940815.0, 1.0, 1.0]
[19940416.0, 19940814.0, 1.0, 1.0]
[19940415.0, 19940813.0, 1.0, 1.0]
[19940414.0, 19940812.0, 1.0, 1.0]
[19940413.0, 19940811.0, 1.0, 1.0]
[19940412.0, 19940810.0, 1.0, 1.0]
[19940411.0, 19940809.0, 1.0, 1.0]
[19940410.0, 19940808.0, 1.0, 1.0]
[19940409.0, 19940807.0, 1.0, 1.0]
[19940408.0, 19940806.0, 1.0, 1.0]
[19940407.0, 19940805.0, 1.0, 1.0]
[19940406.0, 19940804.0, 1.0, 1.0]
[19940405.0, 19940803.0, 1.0, 1.0]
[19940404.0, 19940802.0, 1.0, 1.0]
[19940403.0, 19940801.0, 1.0, 1.0]
[19940332.0, 19940730.0, 1.0, 1.0]
[19940331.0, 19940729.0, 1.0, 1.0]
[19940330.0, 19940728.0, 1.0, 1.0]
[19940329.0, 19940727.0, 1.0, 1.0]
[19940328.0, 19940726.0, 1.0, 1.0]
[19940327.0, 19940725.0, 1.0, 1.0]
[19940326.0, 19940724.0, 1.0, 1.0]
[19940325.0, 19940723.0, 1.0, 1.0]
[19940324.0, 19940722.0, 1.0, 1.0]
[19940323.0, 19940721.0, 1.0, 1.0]
[19940322.0, 19940720.0, 1.0, 1.0]
[19940321.0, 19940719.0, 1.0, 1.0]
[19940320.0, 19940718.0, 1.0, 1.0]
[19940319.0, 19940717.0, 1.0, 1.0]
[19940318.0, 19940716.0, 1.0, 1.0]
[19940317.0, 19940715.0, 1.0, 1.0]
[19940316.0, 19940714.0, 1.0, 1.0]
[19940315.0, 19940713.0, 1.0, 1.0]
[19940314.0, 19940712.0, 1.0, 1.0]
[19940313.0, 19940711.0, 1.0, 1.0]
[19940312.0, 19940710.0, 1.0, 1.0]
[19940310.0, 19940709.0, 1.0, 1.0]
[19940309.0, 19940708.0, 1.0, 1.0]
[19940308.0, 19940706.0, 1.0, 1.0]
[19940307.0, 19940705.0, 1.0, 1.0]
[19940306.0, 19940704.0, 1.0, 1.0]
[19940305.0, 19940703.0, 1.0, 1.0]
[19940304.0, 19940702.0, 1.0, 1.0]
[19940303.0, 19940701.0, 1.0, 1.0]
[19940229.0, 19940629.0, 1.0, 1.0]
[19940228.0, 19940628.0, 1.0, 1.0]
[19940227.0, 19940627.0, 1.0, 1.0]
[19940226.0, 19940626.0, 1.0, 1.0]
[19940225.0, 19940625.0, 1.0, 1.0]
[19940223.0, 19940624.0, 1.0, 1.0]
[19940222.0, 19940623.0, 1.0, 1.0]
[19940505.0, 19940902.0, 1.0, 1.0]
[19940506.0, 19940903.0, 1.0, 1.0]
[19940507.0, 19940904.0, 1.0, 1.0]
[19940508.0, 19940906.0, 1.0, 1.0]
[19940509.0, 19940907.0, 1.0, 1.0]
[19940510.0, 19940908.0, 1.0, 1.0]
[19940511.0, 19940909.0, 1.0, 1.0]
[19940512.0, 19940910.0, 1.0, 1.0]
[19940513.0, 19940911.0, 1.0, 1.0]
[19940514.0, 19940912.0, 1.0, 1.0]
[19940515.0, 19940913.0, 1.0, 1.0]
[19940516.0, 19940914.0, 1.0, 1.0]
[19940517.0, 19940915.0, 1.0, 1.0]
[19940518.0, 19940916.0, 1.0, 1.0]
[19940519.0, 19940917.0, 1.0, 1.0]
[19940520.0, 19940918.0, 1.0, 1.0]
[19940521.0, 19940919.0, 1.0, 1.0]
[19940522.0, 19940920.0, 1.0, 1.0]
[19940523.0, 19940921.0, 1.0, 1.0]
[19940525.0, 19940922.0, 1.0, 1.0]
[19940526.0, 19940923.0, 1.0, 1.0]
[19940527.0, 19940924.0, 1.0, 1.0]
[19940528.0, 19940925.0, 1.0, 1.0]
[19940529.0, 19940926.0, 1.0, 1.0]
[19940530.0, 19940927.0, 1.0, 1.0]
[19940532.0, 19940929.0, 1.0, 1.0]
[19940603.0, 19941001.0, 1.0, 1.0]
[19940604.0, 19941002.0, 1.0, 1.0]
[19940605.0, 19941003.0, 1.0, 1.0]
[19940606.0, 19941004.0, 1.0, 1.0]
[19940608.0, 19941006.0, 1.0, 1.0]
[19940609.0, 19941007.0, 1.0, 1.0]
[19940610.0, 19941008.0, 1.0, 1.0]
[19940611.0, 19941009.0, 1.0, 1.0]
[19940612.0, 19941010.0, 1.0, 1.0]
[19940613.0, 19941011.0, 1.0, 1.0]
[19940614.0, 19941012.0, 1.0, 1.0]
[19940615.0, 19941013.0, 1.0, 1.0]
[19940616.0, 19941014.0, 1.0, 1.0]
[19940617.0, 19941015.0, 1.0, 1.0]
[19940618.0, 19941016.0, 1.0, 1.0]
[19940619.0, 19941017.0, 1.0, 1.0]
[19940620.0, 19941018.0, 1.0, 1.0]
[19940621.0, 19941019.0, 1.0, 1.0]
[19940622.0, 19941020.0, 1.0, 1.0]
[19940623.0, 19941021.0, 1.0, 1.0]
[19940625.0, 19941023.0, 1.0, 1.0]
[19940626.0, 19941024.0, 1.0, 1.0]
[19940627.0, 19941025.0, 1.0, 1.0]
[19940628.0, 19941026.0, 1.0, 1.0]
[19940629.0, 19941027.0, 1.0, 1.0]
[19940630.0, 19941028.0, 1.0, 1.0]
[19940631.0, 19941029.0, 1.0, 1.0]
[19940702.0, 19941030.0, 1.0, 1.0]
[19940704.0, 19941101.0, 1.0, 1.0]
[19940706.0, 19941102.0, 1.0, 1.0]
[19940707.0, 19941104.0, 1.0, 1.0]
[19940708.0, 19941105.0, 1.0, 1.0]
[19940710.0, 19941106.0, 1.0, 1.0]
[19940711.0, 19941107.0, 1.0, 1.0]
[19940712.0, 19941108.0, 1.0, 1.0]
[19940713.0, 19941110.0, 1.0, 1.0]
[19940221, 19941110.0, 0.0, 1.0]
[19940220, 19941109.0, 0.0, 1.0]
[19940219, 19941108.0, 0.0, 1.0]
[19940218, 19941107.0, 0.0, 1.0]
[19940217, 19941106.0, 0.0, 1.0]
[19940215, 19941105.0, 0.0, 1.0]
[19940214, 19941104.0, 0.0, 1.0]
[19940224.0, 19941112.0, 0.0, 1.0]
[19940226.0, 19941115.0, 0.0, 1.0]
[19940223.0, 19941111.0, 0.0, 1.0]

4

[19940101, 19950101.0, 0.0, 0.0]
[19940106, 19941226.0, 1.0, 0.0]
[19940105, 19941225.0, 1.0, 0.0]
[19940105, 19940621.0, 1.0, 1.0]
[19940104, 19941224.0, 1.0, 0.0]
[19940104, 19940620.0, 1.0, 1.0]
[19940103, 19941223.0, 1.0, 0.0]
[19940103, 19940619.0, 1.0, 1.0]
[19940102, 19941222.0, 1.0, 0.0]
[19940102, 19940618.0, 1.0, 1.0]
[19940101, 19941221.0, 1.0, 0.0]
[19940101, 19940617.0, 1.0, 1.0]
[19940107.0, 19941227.0, 1.0, 0.0]
[19940713.0, 19941227.0, 1.0, 1.0]
[19940108.0, 19941229.0, 1.0, 0.0]
[19940714.0, 19941228.0, 1.0, 1.0]
[19940715.0, 19941229.0, 1.0, 1.0]
[19940110.0, 19941230.0, 1.0, 0.0]
[19940716.0, 19941230.0, 1.0, 1.0]
[19940112.0, 19950101.0, 1.0, 0.0]
[19940718.0, 19950101.0, 1.0, 1.0]
[19940409.0, 19940924.0, 1.0, 1.0]
[19940408.0, 19940922.0, 1.0, 1.0]
[19940407.0, 19940921.0, 1.0, 1.0]
[19940406.0, 19940920.0, 1.0, 1.0]
[19940405.0, 19940919.0, 1.0, 1.0]
[19940403.0, 19940918.0, 1.0, 1.0]
[19940402.0, 19940916.0, 1.0, 1.0]
[19940332.0, 19940915.0, 1.0, 1.0]
[19940331.0, 19940914.0, 1.0, 1.0]
[19940330.0, 19940913.0, 1.0, 1.0]
[19940329.0, 19940912.0, 1.0, 1.0]
[19940328.0, 19940911.0, 1.0, 1.0]
[19940327.0, 19940910.0, 1.0, 1.0]
[19940326.0, 19940909.0, 1.0, 1.0]
[19940325.0, 19940908.0, 1.0, 1.0]
[19940324.0, 19940907.0, 1.0, 1.0]
[19940323.0, 19940905.0, 1.0, 1.0]
[19940322.0, 19940904.0, 1.0, 1.0]
[19940321.0, 19940903.0, 1.0, 1.0]
[19940320.0, 19940902.0, 1.0, 1.0]
[19940319.0, 19940901.0, 1.0, 1.0]
[19940317.0, 19940830.0, 1.0, 1.0]
[19940316.0, 19940829.0, 1.0, 1.0]
[19940314.0, 19940827.0, 1.0, 1.0]
[19940313.0, 19940826.0, 1.0, 1.0]
[19940312.0, 19940825.0, 1.0, 1.0]
[19940311.0, 19940824.0, 1.0, 1.0]
[19940310.0, 19940823.0, 1.0, 1.0]
[19940309.0, 19940822.0, 1.0, 1.0]
[19940308.0, 19940821.0, 1.0, 1.0]
[19940307.0, 19940820.0, 1.0, 1.0]
[19940306.0, 19940819.0, 1.0, 1.0]
[19940305.0, 19940818.0, 1.0, 1.0]
[19940304.0, 19940817.0, 1.0, 1.0]
[19940302.0, 19940816.0, 1.0, 1.0]
[19940229.0, 19940815.0, 1.0, 1.0]
[19940228.0, 19940813.0, 1.0, 1.0]
[19940226.0, 19940812.0, 1.0, 1.0]
[19940225.0, 19940811.0, 1.0, 1.0]
[19940224.0, 19940810.0, 1.0, 1.0]
[19940223.0, 19940809.0, 1.0, 1.0]
[19940222.0, 19940808.0, 1.0, 1.0]
[19940221.0, 19940807.0, 1.0, 1.0]
[19940220.0, 19940806.0, 1.0, 1.0]
[19940219.0, 19940805.0, 1.0, 1.0]
[19940218.0, 19940804.0, 1.0, 1.0]
[19940217.0, 19940803.0, 1.0, 1.0]
[19940216.0, 19940802.0, 1.0, 1.0]
[19940215.0, 19940801.0, 1.0, 1.0]
[19940213.0, 19940730.0, 1.0, 1.0]
[19940212.0, 19940729.0, 1.0, 1.0]
[19940211.0, 19940728.0, 1.0, 1.0]
[19940210.0, 19940727.0, 1.0, 1.0]
[19940209.0, 19940726.0, 1.0, 1.0]
[19940208.0, 19940725.0, 1.0, 1.0]
[19940207.0, 19940724.0, 1.0, 1.0]
[19940206.0, 19940723.0, 1.0, 1.0]
[19940205.0, 19940722.0, 1.0, 1.0]
[19940204.0, 19940721.0, 1.0, 1.0]
[19940203.0, 19940720.0, 1.0, 1.0]
[19940202.0, 19940719.0, 1.0, 1.0]
[19940132.0, 19940718.0, 1.0, 1.0]
[19940131.0, 19940717.0, 1.0, 1.0]
[19940130.0, 19940716.0, 1.0, 1.0]
[19940129.0, 19940715.0, 1.0, 1.0]
[19940128.0, 19940714.0, 1.0, 1.0]
[19940127.0, 19940713.0, 1.0, 1.0]
[19940126.0, 19940712.0, 1.0, 1.0]
[19940124.0, 19940711.0, 1.0, 1.0]
[19940123.0, 19940710.0, 1.0, 1.0]
[19940122.0, 19940709.0, 1.0, 1.0]
[19940121.0, 19940708.0, 1.0, 1.0]
[19940120.0, 19940707.0, 1.0, 1.0]
[19940119.0, 19940706.0, 1.0, 1.0]
[19940118.0, 19940705.0, 1.0, 1.0]
[19940117.0, 19940703.0, 1.0, 1.0]
[19940115.0, 19940702.0, 1.0, 1.0]
[19940113.0, 19940629.0, 1.0, 1.0]
[19940112.0, 19940628.0, 1.0, 1.0]
[19940111.0, 19940627.0, 1.0, 1.0]
[19940110.0, 19940626.0, 1.0, 1.0]
[19940109.0, 19940625.0, 1.0, 1.0]
[19940108.0, 19940624.0, 1.0, 1.0]
[19940106.0, 19940623.0, 1.0, 1.0]
[19940410.0, 19940925.0, 1.0, 1.0]
[19940411.0, 19940926.0, 1.0, 1.0]
[19940412.0, 19940927.0, 1.0, 1.0]
[19940414.0, 19940929.0, 1.0, 1.0]
[19940416.0, 19941001.0, 1.0, 1.0]
[19940417.0, 19941002.0, 1.0, 1.0]
[19940418.0, 19941003.0, 1.0, 1.0]
[19940419.0, 19941004.0, 1.0, 1.0]
[19940420.0, 19941005.0, 1.0, 1.0]
[19940421.0, 19941006.0, 1.0, 1.0]
[19940423.0, 19941007.0, 1.0, 1.0]
[19940424.0, 19941008.0, 1.0, 1.0]
[19940425.0, 19941010.0, 1.0, 1.0]
[19940426.0, 19941011.0, 1.0, 1.0]
[19940427.0, 19941012.0, 1.0, 1.0]
[19940428.0, 19941013.0, 1.0, 1.0]
[19940429.0, 19941014.0, 1.0, 1.0]
[19940430.0, 19941015.0, 1.0, 1.0]
[19940431.0, 19941016.0, 1.0, 1.0]
[19940502.0, 19941017.0, 1.0, 1.0]
[19940503.0, 19941018.0, 1.0, 1.0]
[19940504.0, 19941019.0, 1.0, 1.0]
[19940506.0, 19941021.0, 1.0, 1.0]
[19940507.0, 19941022.0, 1.0, 1.0]
[19940508.0, 19941023.0, 1.0, 1.0]
[19940509.0, 19941024.0, 1.0, 1.0]
[19940510.0, 19941025.0, 1.0, 1.0]
[19940511.0, 19941027.0, 1.0, 1.0]
[19940513.0, 19941029.0, 1.0, 1.0]
[19940514.0, 19941030.0, 1.0, 1.0]
[19940517.0, 19941101.0, 1.0, 1.0]
[19940518.0, 19941102.0, 1.0, 1.0]
[19940520.0, 19941104.0, 1.0, 1.0]
[19940521.0, 19941105.0, 1.0, 1.0]
[19940523.0, 19941106.0, 1.0, 1.0]
[19940524.0, 19941107.0, 1.0, 1.0]
[19940525.0, 19941108.0, 1.0, 1.0]
[19940526.0, 19941109.0, 1.0, 1.0]
[19940527.0, 19941110.0, 1.0, 1.0]
[19940528.0, 19941111.0, 1.0, 1.0]
[19940529.0, 19941112.0, 1.0, 1.0]
[19940530.0, 19941113.0, 1.0, 1.0]
[19940531.0, 19941114.0, 1.0, 1.0]
[19940532.0, 19941115.0, 1.0, 1.0]
[19940602.0, 19941116.0, 1.0, 1.0]
[19940603.0, 19941117.0, 1.0, 1.0]
[19940604.0, 19941118.0, 1.0, 1.0]
[19940606.0, 19941120.0, 1.0, 1.0]
[19940607.0, 19941121.0, 1.0, 1.0]
[19940608.0, 19941122.0, 1.0, 1.0]
[19940609.0, 19941123.0, 1.0, 1.0]
[19940610.0, 19941125.0, 1.0, 1.0]
[19940612.0, 19941127.0, 1.0, 1.0]
[19940614.0, 19941129.0, 1.0, 1.0]
[19940616.0, 19941201.0, 1.0, 1.0]
[19940617.0, 19941202.0, 1.0, 1.0]
[19940619.0, 19941203.0, 1.0, 1.0]
[19940620.0, 19941204.0, 1.0, 1.0]
[19940621.0, 19941205.0, 1.0, 1.0]
[19940622.0, 19941206.0, 1.0, 1.0]
[19940623.0, 19941207.0, 1.0, 1.0]
[19940624.0, 19941208.0, 1.0, 1.0]
[19940625.0, 19941210.0, 1.0, 1.0]
[19940626.0, 19941211.0, 1.0, 1.0]
[19940627.0, 19941212.0, 1.0, 1.0]
[19940629.0, 19941213.0, 1.0, 1.0]
[19940630.0, 19941214.0, 1.0, 1.0]
[19940631.0, 19941215.0, 1.0, 1.0]
[19940702.0, 19941216.0, 1.0, 1.0]
[19940703.0, 19941217.0, 1.0, 1.0]
[19940704.0, 19941218.0, 1.0, 1.0]
[19940705.0, 19941219.0, 1.0, 1.0]
[19940706.0, 19941220.0, 1.0, 1.0]
[19940707.0, 19941221.0, 1.0, 1.0]
[19940709.0, 19941222.0, 1.0, 1.0]
[19940710.0, 19941223.0, 1.0, 1.0]
[19940711.0, 19941225.0, 1.0, 1.0]
[19940712.0, 19941226.0, 1.0, 1.0]
[19940105, 19941228.0, 0.0, 1.0]
[19940104, 19941227.0, 0.0, 1.0]
[19940103, 19941226.0, 0.0, 1.0]
[19940102, 19941224.0, 0.0, 1.0]
[19940101, 19941223.0, 0.0, 1.0]
[19940106.0, 19941229.0, 0.0, 1.0]
[19940108.0, 19941230.0, 0.0, 1.0]
[19940110.0, 19950101.0, 0.0, 1.0]

5

[19940101, 19950101.0, 1.0, 0.0]
[19940101, 19950101.0, 0.0, 1.0]
[19940319, 19941013.0, 1.0, 1.0]
[19940318, 19941011.0, 1.0, 1.0]
[19940317, 19941010.0, 1.0, 1.0]
[19940316, 19941009.0, 1.0, 1.0]
[19940315, 19941008.0, 1.0, 1.0]
[19940313, 19941007.0, 1.0, 1.0]
[19940312, 19941006.0, 1.0, 1.0]
[19940311, 19941005.0, 1.0, 1.0]
[19940310, 19941003.0, 1.0, 1.0]
[19940309, 19941002.0, 1.0, 1.0]
[19940308, 19941001.0, 1.0, 1.0]
[19940306, 19940929.0, 1.0, 1.0]
[19940305, 19940928.0, 1.0, 1.0]
[19940304, 19940927.0, 1.0, 1.0]
[19940303, 19940926.0, 1.0, 1.0]
[19940302, 19940925.0, 1.0, 1.0]
[19940229, 19940924.0, 1.0, 1.0]
[19940228, 19940923.0, 1.0, 1.0]
[19940227, 19940922.0, 1.0, 1.0]
[19940226, 19940921.0, 1.0, 1.0]
[19940225, 19940920.0, 1.0, 1.0]
[19940224, 19940918.0, 1.0, 1.0]
[19940223, 19940917.0, 1.0, 1.0]
[19940222, 19940916.0, 1.0, 1.0]
[19940221, 19940915.0, 1.0, 1.0]
[19940220, 19940913.0, 1.0, 1.0]
[19940219, 19940912.0, 1.0, 1.0]
[19940218, 19940911.0, 1.0, 1.0]
[19940216, 19940909.0, 1.0, 1.0]
[19940215, 19940908.0, 1.0, 1.0]
[19940214, 19940907.0, 1.0, 1.0]
[19940213, 19940906.0, 1.0, 1.0]
[19940212, 19940905.0, 1.0, 1.0]
[19940211, 19940904.0, 1.0, 1.0]
[19940210, 19940903.0, 1.0, 1.0]
[19940209, 19940902.0, 1.0, 1.0]
[19940207, 19940830.0, 1.0, 1.0]
[19940206, 19940829.0, 1.0, 1.0]
[19940205, 19940828.0, 1.0, 1.0]
[19940204, 19940827.0, 1.0, 1.0]
[19940203, 19940825.0, 1.0, 1.0]
[19940202, 19940824.0, 1.0, 1.0]
[19940132, 19940823.0, 1.0, 1.0]
[19940131, 19940822.0, 1.0, 1.0]
[19940130, 19940821.0, 1.0, 1.0]
[19940129, 19940820.0, 1.0, 1.0]
[19940128, 19940819.0, 1.0, 1.0]
[19940127, 19940818.0, 1.0, 1.0]
[19940126, 19940817.0, 1.0, 1.0]
[19940124, 19940816.0, 1.0, 1.0]
[19940123, 19940815.0, 1.0, 1.0]
[19940121, 19940814.0, 1.0, 1.0]
[19940120, 19940813.0, 1.0, 1.0]
[19940119, 19940812.0, 1.0, 1.0]
[19940118, 19940811.0, 1.0, 1.0]
[19940116, 19940810.0, 1.0, 1.0]
[19940115, 19940808.0, 1.0, 1.0]
[19940113, 19940806.0, 1.0, 1.0]
[19940112, 19940805.0, 1.0, 1.0]
[19940111, 19940804.0, 1.0, 1.0]
[19940110, 19940803.0, 1.0, 1.0]
[19940109, 19940802.0, 1.0, 1.0]
[19940108, 19940801.0, 1.0, 1.0]
[19940106, 19940730.0, 1.0, 1.0]
[19940104, 19940729.0, 1.0, 1.0]
[19940102, 19940728.0, 1.0, 1.0]
[19940101, 19940726.0, 1.0, 1.0]
[19940322.0, 19941014.0, 1.0, 1.0]
[19940323.0, 19941016.0, 1.0, 1.0]
[19940324.0, 19941017.0, 1.0, 1.0]
[19940326.0, 19941018.0, 1.0, 1.0]
[19940327.0, 19941020.0, 1.0, 1.0]
[19940329.0, 19941021.0, 1.0, 1.0]
[19940330.0, 19941022.0, 1.0, 1.0]
[19940331.0, 19941023.0, 1.0, 1.0]
[19940332.0, 19941024.0, 1.0, 1.0]
[19940402.0, 19941026.0, 1.0, 1.0]
[19940404.0, 19941027.0, 1.0, 1.0]
[19940405.0, 19941028.0, 1.0, 1.0]
[19940406.0, 19941029.0, 1.0, 1.0]
[19940407.0, 19941030.0, 1.0, 1.0]
[19940409.0, 19941101.0, 1.0, 1.0]
[19940411.0, 19941103.0, 1.0, 1.0]
[19940412.0, 19941104.0, 1.0, 1.0]
[19940414.0, 19941105.0, 1.0, 1.0]
[19940415.0, 19941106.0, 1.0, 1.0]
[19940416.0, 19941107.0, 1.0, 1.0]
[19940417.0, 19941108.0, 1.0, 1.0]
[19940418.0, 19941110.0, 1.0, 1.0]
[19940420.0, 19941111.0, 1.0, 1.0]
[19940421.0, 19941112.0, 1.0, 1.0]
[19940422.0, 19941113.0, 1.0, 1.0]
[19940423.0, 19941114.0, 1.0, 1.0]
[19940424.0, 19941115.0, 1.0, 1.0]
[19940426.0, 19941116.0, 1.0, 1.0]
[19940427.0, 19941117.0, 1.0, 1.0]
[19940428.0, 19941118.0, 1.0, 1.0]
[19940429.0, 19941119.0, 1.0, 1.0]
[19940430.0, 19941120.0, 1.0, 1.0]
[19940431.0, 19941121.0, 1.0, 1.0]
[19940502.0, 19941122.0, 1.0, 1.0]
[19940503.0, 19941123.0, 1.0, 1.0]
[19940504.0, 19941124.0, 1.0, 1.0]
[19940505.0, 19941125.0, 1.0, 1.0]
[19940506.0, 19941126.0, 1.0, 1.0]
[19940508.0, 19941127.0, 1.0, 1.0]
[19940509.0, 19941128.0, 1.0, 1.0]
[19940510.0, 19941129.0, 1.0, 1.0]
[19940511.0, 19941201.0, 1.0, 1.0]
[19940512.0, 19941202.0, 1.0, 1.0]
[19940514.0, 19941203.0, 1.0, 1.0]
[19940515.0, 19941204.0, 1.0, 1.0]
[19940516.0, 19941205.0, 1.0, 1.0]
[19940517.0, 19941206.0, 1.0, 1.0]
[19940518.0, 19941207.0, 1.0, 1.0]
[19940519.0, 19941208.0, 1.0, 1.0]
[19940520.0, 19941210.0, 1.0, 1.0]
[19940521.0, 19941211.0, 1.0, 1.0]
[19940522.0, 19941212.0, 1.0, 1.0]
[19940524.0, 19941213.0, 1.0, 1.0]
[19940525.0, 19941214.0, 1.0, 1.0]
[19940526.0, 19941215.0, 1.0, 1.0]
[19940527.0, 19941216.0, 1.0, 1.0]
[19940529.0, 19941217.0, 1.0, 1.0]
[19940530.0, 19941218.0, 1.0, 1.0]
[19940531.0, 19941219.0, 1.0, 1.0]
[19940532.0, 19941220.0, 1.0, 1.0]
[19940603.0, 19941222.0, 1.0, 1.0]
[19940605.0, 19941224.0, 1.0, 1.0]
[19940606.0, 19941225.0, 1.0, 1.0]
[19940608.0, 19941226.0, 1.0, 1.0]
[19940609.0, 19941228.0, 1.0, 1.0]
[19940610.0, 19941229.0, 1.0, 1.0]
[19940611.0, 19941230.0, 1.0, 1.0]
[19940613.0, 19950101.0, 1.0, 1.0]

6

[19940101, 19950101.0, 1.0, 0.0]
[19940101, 19950101.0, 0.0, 1.0]
[19940319, 19941013.0, 1.0, 1.0]
[19940318, 19941011.0, 1.0, 1.0]
[19940317, 19941010.0, 1.0, 1.0]
[19940316, 19941009.0, 1.0, 1.0]
[19940315, 19941008.0, 1.0, 1.0]
[19940313, 19941007.0, 1.0, 1.0]
[19940312, 19941006.0, 1.0, 1.0]
[19940311, 19941005.0, 1.0, 1.0]
[19940310, 19941003.0, 1.0, 1.0]
[19940309, 19941002.0, 1.0, 1.0]
[19940308, 19941001.0, 1.0, 1.0]
[19940306, 19940929.0, 1.0, 1.0]
[19940305, 19940928.0, 1.0, 1.0]
[19940304, 19940927.0, 1.0, 1.0]
[19940303, 19940926.0, 1.0, 1.0]
[19940302, 19940925.0, 1.0, 1.0]
[19940229, 19940924.0, 1.0, 1.0]
[19940228, 19940923.0, 1.0, 1.0]
[19940227, 19940922.0, 1.0, 1.0]
[19940226, 19940921.0, 1.0, 1.0]
[19940225, 19940920.0, 1.0, 1.0]
[19940224, 19940918.0, 1.0, 1.0]
[19940223, 19940917.0, 1.0, 1.0]
[19940222, 19940916.0, 1.0, 1.0]
[19940221, 19940915.0, 1.0, 1.0]
[19940220, 19940913.0, 1.0, 1.0]
[19940219, 19940912.0, 1.0, 1.0]
[19940218, 19940911.0, 1.0, 1.0]
[19940216, 19940909.0, 1.0, 1.0]
[19940215, 19940908.0, 1.0, 1.0]
[19940214, 19940907.0, 1.0, 1.0]
[19940213, 19940906.0, 1.0, 1.0]
[19940212, 19940905.0, 1.0, 1.0]
[19940211, 19940904.0, 1.0, 1.0]
[19940210, 19940903.0, 1.0, 1.0]
[19940209, 19940902.0, 1.0, 1.0]
[19940207, 19940830.0, 1.0, 1.0]
[19940206, 19940829.0, 1.0, 1.0]
[19940205, 19940828.0, 1.0, 1.0]
[19940204, 19940827.0, 1.0, 1.0]
[19940203, 19940825.0, 1.0, 1.0]
[19940202, 19940824.0, 1.0, 1.0]
[19940132, 19940823.0, 1.0, 1.0]
[19940131, 19940822.0, 1.0, 1.0]
[19940130, 19940821.0, 1.0, 1.0]
[19940129, 19940820.0, 1.0, 1.0]
[19940128, 19940819.0, 1.0, 1.0]
[19940127, 19940818.0, 1.0, 1.0]
[19940126, 19940817.0, 1.0, 1.0]
[19940124, 19940816.0, 1.0, 1.0]
[19940123, 19940815.0, 1.0, 1.0]
[19940121, 19940814.0, 1.0, 1.0]
[19940120, 19940813.0, 1.0, 1.0]
[19940119, 19940812.0, 1.0, 1.0]
[19940118, 19940811.0, 1.0, 1.0]
[19940116, 19940810.0, 1.0, 1.0]
[19940115, 19940808.0, 1.0, 1.0]
[19940113, 19940806.0, 1.0, 1.0]
[19940112, 19940805.0, 1.0, 1.0]
[19940111, 19940804.0, 1.0, 1.0]
[19940110, 19940803.0, 1.0, 1.0]
[19940109, 19940802.0, 1.0, 1.0]
[19940108, 19940801.0, 1.0, 1.0]
[19940106, 19940730.0, 1.0, 1.0]
[19940104, 19940729.0, 1.0, 1.0]
[19940102, 19940728.0, 1.0, 1.0]
[19940101, 19940726.0, 1.0, 1.0]
[19940322.0, 19941014.0, 1.0, 1.0]
[19940323.0, 19941016.0, 1.0, 1.0]
[19940324.0, 19941017.0, 1.0, 1.0]
[19940326.0, 19941018.0, 1.0, 1.0]
[19940327.0, 19941020.0, 1.0, 1.0]
[19940329.0, 19941021.0, 1.0, 1.0]
[19940330.0, 19941022.0, 1.0, 1.0]
[19940331.0, 19941023.0, 1.0, 1.0]
[19940332.0, 19941024.0, 1.0, 1.0]
[19940402.0, 19941026.0, 1.0, 1.0]
[19940404.0, 19941027.0, 1.0, 1.0]
[19940405.0, 19941028.0, 1.0, 1.0]
[19940406.0, 19941029.0, 1.0, 1.0]
[19940407.0, 19941030.0, 1.0, 1.0]
[19940409.0, 19941101.0, 1.0, 1.0]
[19940411.0, 19941103.0, 1.0, 1.0]
[19940412.0, 19941104.0, 1.0, 1.0]
[19940414.0, 19941105.0, 1.0, 1.0]
[19940415.0, 19941106.0, 1.0, 1.0]
[19940416.0, 19941107.0, 1.0, 1.0]
[19940417.0, 19941108.0, 1.0, 1.0]
[19940418.0, 19941110.0, 1.0, 1.0]
[19940420.0, 19941111.0, 1.0, 1.0]
[19940421.0, 19941112.0, 1.0, 1.0]
[19940422.0, 19941113.0, 1.0, 1.0]
[19940423.0, 19941114.0, 1.0, 1.0]
[19940424.0, 19941115.0, 1.0, 1.0]
[19940426.0, 19941116.0, 1.0, 1.0]
[19940427.0, 19941117.0, 1.0, 1.0]
[19940428.0, 19941118.0, 1.0, 1.0]
[19940429.0, 19941119.0, 1.0, 1.0]
[19940430.0, 19941120.0, 1.0, 1.0]
[19940431.0, 19941121.0, 1.0, 1.0]
[19940502.0, 19941122.0, 1.0, 1.0]
[19940503.0, 19941123.0, 1.0, 1.0]
[19940504.0, 19941124.0, 1.0, 1.0]
[19940505.0, 19941125.0, 1.0, 1.0]
[19940506.0, 19941126.0, 1.0, 1.0]
[19940508.0, 19941127.0, 1.0, 1.0]
[19940509.0, 19941128.0, 1.0, 1.0]
[19940510.0, 19941129.0, 1.0, 1.0]
[19940511.0, 19941201.0, 1.0, 1.0]
[19940512.0, 19941202.0, 1.0, 1.0]
[19940514.0, 19941203.0, 1.0, 1.0]
[19940515.0, 19941204.0, 1.0, 1.0]
[19940516.0, 19941205.0, 1.0, 1.0]
[19940517.0, 19941206.0, 1.0, 1.0]
[19940518.0, 19941207.0, 1.0, 1.0]
[19940519.0, 19941208.0, 1.0, 1.0]
[19940520.0, 19941210.0, 1.0, 1.0]
[19940521.0, 19941211.0, 1.0, 1.0]
[19940522.0, 19941212.0, 1.0, 1.0]
[19940524.0, 19941213.0, 1.0, 1.0]
[19940525.0, 19941214.0, 1.0, 1.0]
[19940526.0, 19941215.0, 1.0, 1.0]
[19940527.0, 19941216.0, 1.0, 1.0]
[19940529.0, 19941217.0, 1.0, 1.0]
[19940530.0, 19941218.0, 1.0, 1.0]
[19940531.0, 19941219.0, 1.0, 1.0]
[19940532.0, 19941220.0, 1.0, 1.0]
[19940603.0, 19941222.0, 1.0, 1.0]
[19940605.0, 19941224.0, 1.0, 1.0]
[19940606.0, 19941225.0, 1.0, 1.0]
[19940608.0, 19941226.0, 1.0, 1.0]
[19940609.0, 19941228.0, 1.0, 1.0]
[19940610.0, 19941229.0, 1.0, 1.0]
[19940611.0, 19941230.0, 1.0, 1.0]
[19940613.0, 19950101.0, 1.0, 1.0]

7

[19940101, 19950101.0, 1.0, 0.0]
[19940101, 19950101.0, 0.0, 1.0]
[19940319, 19941013.0, 1.0, 1.0]
[19940318, 19941011.0, 1.0, 1.0]
[19940317, 19941010.0, 1.0, 1.0]
[19940316, 19941009.0, 1.0, 1.0]
[19940315, 19941008.0, 1.0, 1.0]
[19940313, 19941007.0, 1.0, 1.0]
[19940312, 19941006.0, 1.0, 1.0]
[19940311, 19941005.0, 1.0, 1.0]
[19940310, 19941003.0, 1.0, 1.0]
[19940309, 19941002.0, 1.0, 1.0]
[19940308, 19941001.0, 1.0, 1.0]
[19940306, 19940929.0, 1.0, 1.0]
[19940305, 19940928.0, 1.0, 1.0]
[19940304, 19940927.0, 1.0, 1.0]
[19940303, 19940926.0, 1.0, 1.0]
[19940302, 19940925.0, 1.0, 1.0]
[19940229, 19940924.0, 1.0, 1.0]
[19940228, 19940923.0, 1.0, 1.0]
[19940227, 19940922.0, 1.0, 1.0]
[19940226, 19940921.0, 1.0, 1.0]
[19940225, 19940920.0, 1.0, 1.0]
[19940224, 19940918.0, 1.0, 1.0]
[19940223, 19940917.0, 1.0, 1.0]
[19940222, 19940916.0, 1.0, 1.0]
[19940221, 19940915.0, 1.0, 1.0]
[19940220, 19940913.0, 1.0, 1.0]
[19940219, 19940912.0, 1.0, 1.0]
[19940218, 19940911.0, 1.0, 1.0]
[19940216, 19940909.0, 1.0, 1.0]
[19940215, 19940908.0, 1.0, 1.0]
[19940214, 19940907.0, 1.0, 1.0]
[19940213, 19940906.0, 1.0, 1.0]
[19940212, 19940905.0, 1.0, 1.0]
[19940211, 19940904.0, 1.0, 1.0]
[19940210, 19940903.0, 1.0, 1.0]
[19940209, 19940902.0, 1.0, 1.0]
[19940207, 19940830.0, 1.0, 1.0]
[19940206, 19940829.0, 1.0, 1.0]
[19940205, 19940828.0, 1.0, 1.0]
[19940204, 19940827.0, 1.0, 1.0]
[19940203, 19940825.0, 1.0, 1.0]
[19940202, 19940824.0, 1.0, 1.0]
[19940132, 19940823.0, 1.0, 1.0]
[19940131, 19940822.0, 1.0, 1.0]
[19940130, 19940821.0, 1.0, 1.0]
[19940129, 19940820.0, 1.0, 1.0]
[19940128, 19940819.0, 1.0, 1.0]
[19940127, 19940818.0, 1.0, 1.0]
[19940126, 19940817.0, 1.0, 1.0]
[19940124, 19940816.0, 1.0, 1.0]
[19940123, 19940815.0, 1.0, 1.0]
[19940121, 19940814.0, 1.0, 1.0]
[19940120, 19940813.0, 1.0, 1.0]
[19940119, 19940812.0, 1.0, 1.0]
[19940118, 19940811.0, 1.0, 1.0]
[19940116, 19940810.0, 1.0, 1.0]
[19940115, 19940808.0, 1.0, 1.0]
[19940113, 19940806.0, 1.0, 1.0]
[19940112, 19940805.0, 1.0, 1.0]
[19940111, 19940804.0, 1.0, 1.0]
[19940110, 19940803.0, 1.0, 1.0]
[19940109, 19940802.0, 1.0, 1.0]
[19940108, 19940801.0, 1.0, 1.0]
[19940106, 19940730.0, 1.0, 1.0]
[19940104, 19940729.0, 1.0, 1.0]
[19940102, 19940728.0, 1.0, 1.0]
[19940101, 19940726.0, 1.0, 1.0]
[19940322.0, 19941014.0, 1.0, 1.0]
[19940323.0, 19941016.0, 1.0, 1.0]
[19940324.0, 19941017.0, 1.0, 1.0]
[19940326.0, 19941018.0, 1.0, 1.0]
[19940327.0, 19941020.0, 1.0, 1.0]
[19940329.0, 19941021.0, 1.0, 1.0]
[19940330.0, 19941022.0, 1.0, 1.0]
[19940331.0, 19941023.0, 1.0, 1.0]
[19940332.0, 19941024.0, 1.0, 1.0]
[19940402.0, 19941026.0, 1.0, 1.0]
[19940404.0, 19941027.0, 1.0, 1.0]
[19940405.0, 19941028.0, 1.0, 1.0]
[19940406.0, 19941029.0, 1.0, 1.0]
[19940407.0, 19941030.0, 1.0, 1.0]
[19940409.0, 19941101.0, 1.0, 1.0]
[19940411.0, 19941103.0, 1.0, 1.0]
[19940412.0, 19941104.0, 1.0, 1.0]
[19940414.0, 19941105.0, 1.0, 1.0]
[19940415.0, 19941106.0, 1.0, 1.0]
[19940416.0, 19941107.0, 1.0, 1.0]
[19940417.0, 19941108.0, 1.0, 1.0]
[19940418.0, 19941110.0, 1.0, 1.0]
[19940420.0, 19941111.0, 1.0, 1.0]
[19940421.0, 19941112.0, 1.0, 1.0]
[19940422.0, 19941113.0, 1.0, 1.0]
[19940423.0, 19941114.0, 1.0, 1.0]
[19940424.0, 19941115.0, 1.0, 1.0]
[19940426.0, 19941116.0, 1.0, 1.0]
[19940427.0, 19941117.0, 1.0, 1.0]
[19940428.0, 19941118.0, 1.0, 1.0]
[19940429.0, 19941119.0, 1.0, 1.0]
[19940430.0, 19941120.0, 1.0, 1.0]
[19940431.0, 19941121.0, 1.0, 1.0]
[19940502.0, 19941122.0, 1.0, 1.0]
[19940503.0, 19941123.0, 1.0, 1.0]
[19940504.0, 19941124.0, 1.0, 1.0]
[19940505.0, 19941125.0, 1.0, 1.0]
[19940506.0, 19941126.0, 1.0, 1.0]
[19940508.0, 19941127.0, 1.0, 1.0]
[19940509.0, 19941128.0, 1.0, 1.0]
[19940510.0, 19941129.0, 1.0, 1.0]
[19940511.0, 19941201.0, 1.0, 1.0]
[19940512.0, 19941202.0, 1.0, 1.0]
[19940514.0, 19941203.0, 1.0, 1.0]
[19940515.0, 19941204.0, 1.0, 1.0]
[19940516.0, 19941205.0, 1.0, 1.0]
[19940517.0, 19941206.0, 1.0, 1.0]
[19940518.0, 19941207.0, 1.0, 1.0]
[19940519.0, 19941208.0, 1.0, 1.0]
[19940520.0, 19941210.0, 1.0, 1.0]
[19940521.0, 19941211.0, 1.0, 1.0]
[19940522.0, 19941212.0, 1.0, 1.0]
[19940524.0, 19941213.0, 1.0, 1.0]
[19940525.0, 19941214.0, 1.0, 1.0]
[19940526.0, 19941215.0, 1.0, 1.0]
[19940527.0, 19941216.0, 1.0, 1.0]
[19940529.0, 19941217.0, 1.0, 1.0]
[19940530.0, 19941218.0, 1.0, 1.0]
[19940531.0, 19941219.0, 1.0, 1.0]
[19940532.0, 19941220.0, 1.0, 1.0]
[19940603.0, 19941222.0, 1.0, 1.0]
[19940605.0, 19941224.0, 1.0, 1.0]
[19940606.0, 19941225.0, 1.0, 1.0]
[19940608.0, 19941226.0, 1.0, 1.0]
[19940609.0, 19941228.0, 1.0, 1.0]
[19940610.0, 19941229.0, 1.0, 1.0]
[19940611.0, 19941230.0, 1.0, 1.0]
[19940613.0, 19950101.0, 1.0, 1.0]

8

[19940101, 19950101.0, 1.0, 0.0]
[19940101, 19950101.0, 0.0, 1.0]
[19940319, 19941013.0, 1.0, 1.0]
[19940318, 19941011.0, 1.0, 1.0]
[19940317, 19941010.0, 1.0, 1.0]
[19940316, 19941009.0, 1.0, 1.0]
[19940315, 19941008.0, 1.0, 1.0]
[19940313, 19941007.0, 1.0, 1.0]
[19940312, 19941006.0, 1.0, 1.0]
[19940311, 19941005.0, 1.0, 1.0]
[19940310, 19941003.0, 1.0, 1.0]
[19940309, 19941002.0, 1.0, 1.0]
[19940308, 19941001.0, 1.0, 1.0]
[19940306, 19940929.0, 1.0, 1.0]
[19940305, 19940928.0, 1.0, 1.0]
[19940304, 19940927.0, 1.0, 1.0]
[19940303, 19940926.0, 1.0, 1.0]
[19940302, 19940925.0, 1.0, 1.0]
[19940229, 19940924.0, 1.0, 1.0]
[19940228, 19940923.0, 1.0, 1.0]
[19940227, 19940922.0, 1.0, 1.0]
[19940226, 19940921.0, 1.0, 1.0]
[19940225, 19940920.0, 1.0, 1.0]
[19940224, 19940918.0, 1.0, 1.0]
[19940223, 19940917.0, 1.0, 1.0]
[19940222, 19940916.0, 1.0, 1.0]
[19940221, 19940915.0, 1.0, 1.0]
[19940220, 19940913.0, 1.0, 1.0]
[19940219, 19940912.0, 1.0, 1.0]
[19940218, 19940911.0, 1.0, 1.0]
[19940216, 19940909.0, 1.0, 1.0]
[19940215, 19940908.0, 1.0, 1.0]
[19940214, 19940907.0, 1.0, 1.0]
[19940213, 19940906.0, 1.0, 1.0]
[19940212, 19940905.0, 1.0, 1.0]
[19940211, 19940904.0, 1.0, 1.0]
[19940210, 19940903.0, 1.0, 1.0]
[19940209, 19940902.0, 1.0, 1.0]
[19940207, 19940830.0, 1.0, 1.0]
[19940206, 19940829.0, 1.0, 1.0]
[19940205, 19940828.0, 1.0, 1.0]
[19940204, 19940827.0, 1.0, 1.0]
[19940203, 19940825.0, 1.0, 1.0]
[19940202, 19940824.0, 1.0, 1.0]
[19940132, 19940823.0, 1.0, 1.0]
[19940131, 19940822.0, 1.0, 1.0]
[19940130, 19940821.0, 1.0, 1.0]
[19940129, 19940820.0, 1.0, 1.0]
[19940128, 19940819.0, 1.0, 1.0]
[19940127, 19940818.0, 1.0, 1.0]
[19940126, 19940817.0, 1.0, 1.0]
[19940124, 19940816.0, 1.0, 1.0]
[19940123, 19940815.0, 1.0, 1.0]
[19940121, 19940814.0, 1.0, 1.0]
[19940120, 19940813.0, 1.0, 1.0]
[19940119, 19940812.0, 1.0, 1.0]
[19940118, 19940811.0, 1.0, 1.0]
[19940116, 19940810.0, 1.0, 1.0]
[19940115, 19940808.0, 1.0, 1.0]
[19940113, 19940806.0, 1.0, 1.0]
[19940112, 19940805.0, 1.0, 1.0]
[19940111, 19940804.0, 1.0, 1.0]
[19940110, 19940803.0, 1.0, 1.0]
[19940109, 19940802.0, 1.0, 1.0]
[19940108, 19940801.0, 1.0, 1.0]
[19940106, 19940730.0, 1.0, 1.0]
[19940104, 19940729.0, 1.0, 1.0]
[19940102, 19940728.0, 1.0, 1.0]
[19940101, 19940726.0, 1.0, 1.0]
[19940322.0, 19941014.0, 1.0, 1.0]
[19940323.0, 19941016.0, 1.0, 1.0]
[19940324.0, 19941017.0, 1.0, 1.0]
[19940326.0, 19941018.0, 1.0, 1.0]
[19940327.0, 19941020.0, 1.0, 1.0]
[19940329.0, 19941021.0, 1.0, 1.0]
[19940330.0, 19941022.0, 1.0, 1.0]
[19940331.0, 19941023.0, 1.0, 1.0]
[19940332.0, 19941024.0, 1.0, 1.0]
[19940402.0, 19941026.0, 1.0, 1.0]
[19940404.0, 19941027.0, 1.0, 1.0]
[19940405.0, 19941028.0, 1.0, 1.0]
[19940406.0, 19941029.0, 1.0, 1.0]
[19940407.0, 19941030.0, 1.0, 1.0]
[19940409.0, 19941101.0, 1.0, 1.0]
[19940411.0, 19941103.0, 1.0, 1.0]
[19940412.0, 19941104.0, 1.0, 1.0]
[19940414.0, 19941105.0, 1.0, 1.0]
[19940415.0, 19941106.0, 1.0, 1.0]
[19940416.0, 19941107.0, 1.0, 1.0]
[19940417.0, 19941108.0, 1.0, 1.0]
[19940418.0, 19941110.0, 1.0, 1.0]
[19940420.0, 19941111.0, 1.0, 1.0]
[19940421.0, 19941112.0, 1.0, 1.0]
[19940422.0, 19941113.0, 1.0, 1.0]
[19940423.0, 19941114.0, 1.0, 1.0]
[19940424.0, 19941115.0, 1.0, 1.0]
[19940426.0, 19941116.0, 1.0, 1.0]
[19940427.0, 19941117.0, 1.0, 1.0]
[19940428.0, 19941118.0, 1.0, 1.0]
[19940429.0, 19941119.0, 1.0, 1.0]
[19940430.0, 19941120.0, 1.0, 1.0]
[19940431.0, 19941121.0, 1.0, 1.0]
[19940502.0, 19941122.0, 1.0, 1.0]
[19940503.0, 19941123.0, 1.0, 1.0]
[19940504.0, 19941124.0, 1.0, 1.0]
[19940505.0, 19941125.0, 1.0, 1.0]
[19940506.0, 19941126.0, 1.0, 1.0]
[19940508.0, 19941127.0, 1.0, 1.0]
[19940509.0, 19941128.0, 1.0, 1.0]
[19940510.0, 19941129.0, 1.0, 1.0]
[19940511.0, 19941201.0, 1.0, 1.0]
[19940512.0, 19941202.0, 1.0, 1.0]
[19940514.0, 19941203.0, 1.0, 1.0]
[19940515.0, 19941204.0, 1.0, 1.0]
[19940516.0, 19941205.0, 1.0, 1.0]
[19940517.0, 19941206.0, 1.0, 1.0]
[19940518.0, 19941207.0, 1.0, 1.0]
[19940519.0, 19941208.0, 1.0, 1.0]
[19940520.0, 19941210.0, 1.0, 1.0]
[19940521.0, 19941211.0, 1.0, 1.0]
[19940522.0, 19941212.0, 1.0, 1.0]
[19940524.0, 19941213.0, 1.0, 1.0]
[19940525.0, 19941214.0, 1.0, 1.0]
[19940526.0, 19941215.0, 1.0, 1.0]
[19940527.0, 19941216.0, 1.0, 1.0]
[19940529.0, 19941217.0, 1.0, 1.0]
[19940530.0, 19941218.0, 1.0, 1.0]
[19940531.0, 19941219.0, 1.0, 1.0]
[19940532.0, 19941220.0, 1.0, 1.0]
[19940603.0, 19941222.0, 1.0, 1.0]
[19940605.0, 19941224.0, 1.0, 1.0]
[19940606.0, 19941225.0, 1.0, 1.0]
[19940608.0, 19941226.0, 1.0, 1.0]
[19940609.0, 19941228.0, 1.0, 1.0]
[19940610.0, 19941229.0, 1.0, 1.0]
[19940611.0, 19941230.0, 1.0, 1.0]
[19940613.0, 19950101.0, 1.0, 1.0]
