selection file, result

2

[0, 0, 1, 1, 99, 5, 5]
[0, 0, 1, 0, 100, 4, 8]
[0, 0, 0, 1.0, 100, 4, 8]
[0, 1, 1.0, 1.0, 100, 4, 5]
[1, 0.0, 1.0, 1.0, 100, 4, 5]
[1, 1, 1, 1, 174.0, 3.0, 9]
[0, 1, 1, 1, 84, 3.0, 6.0]
[0, 0, 1, 1, 83.0, 4.0, 5]

3

[0, 0, 1, 1, 99, 5, 5]
[0, 1, 1, 0, 150, 5, 9]
[1, 1.0, 1, 1.0, 200, 4, 9]
[0, 0, 1, 0, 110, 4, 8]
[0, 0, 0, 1.0, 100, 4, 8]
[0, 1, 1.0, 1.0, 100, 4, 5]
[1, 0.0, 1.0, 1.0, 100, 4, 5]

4

[0, 0, 1, 1, 99, 5, 5]
[0, 0, 1, 0, 143, 4, 8]
[0, 0, 0, 1.0, 100, 4, 8]
[0, 1, 1.0, 1.0, 100, 4, 5]
[1, 0.0, 1.0, 1.0, 100, 4, 5]
[0, 1, 1, 1, 156, 3.0, 8]
[1, 0.0, 1, 1, 156, 3.0, 8]

5

[0, 0, 1, 1, 99, 5, 5]
[0, 0, 1, 0, 143, 4, 8]
[0, 0, 0, 1.0, 100, 4, 8]
[0, 1, 1.0, 1.0, 100, 4, 5]
[1, 0.0, 1.0, 1.0, 100, 4, 5]
[0, 1, 1, 1, 156, 3.0, 8]
[1, 0.0, 1, 1, 156, 3.0, 8]

6

[0, 0, 1, 1, 99, 5, 5]
[0, 0, 1, 0, 143, 4, 8]
[0, 0, 0, 1.0, 100, 4, 8]
[0, 1, 1.0, 1.0, 100, 4, 5]
[1, 0.0, 1.0, 1.0, 100, 4, 5]
[1, 1, 1, 1, 195, 3.0, 10]

7

[0, 0, 1, 1, 99, 5, 5]
[0, 0, 1, 0, 143, 4, 8]
[0, 0, 0, 1.0, 100, 4, 8]
[0, 1, 1.0, 1.0, 100, 4, 5]
[1, 0.0, 1.0, 1.0, 100, 4, 5]
[1, 1, 1, 1, 226, 5, 10.0]

8

[0, 0, 1, 1, 99, 5, 5]
[0, 0, 1, 0, 143, 4, 8]
[0, 0, 0, 1.0, 100, 4, 8]
[0, 1, 1.0, 1.0, 100, 4, 5]
[1, 0.0, 1.0, 1.0, 100, 4, 5]

9

[0, 0, 1, 1, 99, 5, 5]
[0, 0, 1, 0, 143, 4, 8]
[0, 0, 0, 1.0, 100, 4, 8]
[0, 1, 1.0, 1.0, 100, 4, 5]
[1, 0.0, 1.0, 1.0, 100, 4, 5]
