selection file, result

1

[1, 0, 0, 0, 0, 19941229, 19941225]
[1, 0, 0, 0, 1, 19941230, 19950131]
[1, 0, 0, 1, 0.0, 19941230, 19950131]
[1, 0, 1, 0.0, 0.0, 19941230, 19950131]
[1, 1, 0.0, 0.0, 0.0, 19941230, 19950202]
[1, 1, 1.0, 0.0, 0.0, 19941230, 19950217.0]
[1, 0, 1, 1.0, 0.0, 19941230, 19950216.0]
[1, 0, 0, 1, 1.0, 19941230, 19950217.0]
[1, 0, 1, 0.0, 1.0, 19941230, 19950202.0]
[1, 0, 0, 0, 0, 19941231, 19941227.0]

2

[1, 0, 0, 0, 0, 19950115, 19950112]
[1, 0, 0, 0, 0, 19950116, 19950113.0]
[1, 0, 0, 0, 0, 19950118, 19950114.0]
[1, 0, 0, 0, 0, 19950119, 19950115.0]
[1, 0, 0, 0, 1, 19950115, 19950216.0]
[1, 0, 0, 1, 0.0, 19950115, 19950116.0]
[1, 0, 1, 0.0, 0.0, 19950115, 19950116.0]
[1, 1, 0.0, 0.0, 0.0, 19950115, 19950116.0]

3

[1, 0, 0, 0, 0, 19950130, 19950126]
[1, 0, 0, 0, 0, 19950131, 19950128.0]
[1, 0, 0, 1, 0.0, 19950130, 19950128.0]
[1, 0, 1, 0.0, 0.0, 19950130, 19950128.0]
[1, 1, 0.0, 0.0, 0.0, 19950130, 19950128.0]
[1, 0, 0, 0, 0, 19950202, 19950129.0]
[1, 0, 0, 1, 0.0, 19950129, 19950129.0]
[1, 0, 1, 0.0, 0.0, 19950129, 19950129.0]
[1, 1, 0.0, 0.0, 0.0, 19950129, 19950129.0]
[1, 0, 0, 0, 0, 19950203, 19950131.0]
[1, 0, 0, 0, 1, 19950130, 19950131.0]
[1, 0, 0, 1, 0.0, 19950131, 19950131.0]
[1, 0, 1, 0.0, 0.0, 19950131, 19950131.0]
[1, 1, 0.0, 0.0, 0.0, 19950131, 19950131.0]

4

[1, 0, 0, 0, 0, 19950211, 19950209]
[1, 0, 0, 0, 1, 19950215, 19950315]
[1, 0, 0, 1, 0.0, 19950218, 19950315]
[1, 0, 1, 0.0, 0.0, 19950218, 19950315]
[1, 1, 0.0, 0.0, 0.0, 19950218, 19950315]

5

[1, 0, 0, 0, 0, 19950211, 19950209]
[1, 0, 0, 0, 1, 19950230, 19950315]
[1, 0, 0, 1, 0.0, 19950212, 19950315]
[1, 0, 1, 0.0, 0.0, 19950212, 19950315]
[1, 1, 0.0, 0.0, 0.0, 19950212, 19950315]

6

[1, 0, 0, 0, 0, 19950211, 19950209]
[0, 0, 0, 0, 1, 19950315, 19950315]
[1, 0, 0, 0, 1, 19950213, 19950315]
[1, 0, 0, 1, 0.0, 19950212, 19950315]
[1, 0, 1, 0.0, 0.0, 19950212, 19950315]
[1, 1, 0.0, 0.0, 0.0, 19950212, 19950315]

7

[1, 0, 0, 0, 0, 19950211, 19950209]
[1, 0, 0, 0, 1, 19950228, 19950315]
[1, 0, 0, 1, 0.0, 19950212, 19950315]
[1, 0, 1, 0.0, 0.0, 19950212, 19950315]
[1, 1, 0.0, 0.0, 0.0, 19950212, 19950315]

8

[1, 0, 0, 0, 0, 19950211, 19950209]
[1, 0, 0, 0, 1, 19950415, 19950315]
[1, 0, 0, 1, 0.0, 19950212, 19950315]
[1, 0, 1, 0.0, 0.0, 19950212, 19950315]
[1, 1, 0.0, 0.0, 0.0, 19950212, 19950315]
