selection file, result

1

[600, 714.4768843177573, 600, 700]
[599.5195379343289, 688.6569769810316, 600, 700]
[600.0, 688.6569769810316, 600, 700.2892147224675]
[600.0, 688.6569769810316, 599.2319155142769, 700.0]
[641.7090472483403, 693.3256376377369, 600, 700]
[600.0, 693.3256376377369, 625.2878913209748, 700.0]
[600.0, 693.3256376377369, 624.8607958307587, 700.2892147224675]
[600.0, 693.3256376377369, 624.0576670971121, 694.5086759542073]
[648.160380419391, 695.3666785178068, 600, 700]
[641.7090472483403, 695.3666785178068, 600, 701.5168099134319]
[641.7090472483403, 695.3666785178068, 599.2319155142769, 700.0]
[600.0, 695.3666785178068, 600, 664.4991889311063]
[600.0, 695.3666785178068, 625.5842130470614, 700.0]
[600.0, 695.3666785178068, 625.2878913209748, 700.2892147224675]
[600.0, 695.3666785178068, 624.8607958307587, 694.5086759542073]
[600.0, 695.3666785178068, 624.0576670971121, 692.250467456907]
[600.0, 695.3666785178068, 622.9718292386851, 691.568213672004]
[600.0, 695.3666785178068, 622.9712029140583, 690.9041783304546]
[600.0, 695.3666785178068, 611.6673327138358, 688.1772866041098]
[600.0, 695.3666785178068, 610.5617299964629, 679.8800512343665]
[600.0, 695.3666785178068, 608.7557043923457, 673.8699724809388]
[600.0, 695.3666785178068, 607.4967669786353, 671.7988769178713]
[600.0, 695.3666785178068, 603.9360778243405, 671.7933484935057]
[600.0, 695.3666785178068, 598.0923460010406, 671.7230706722088]
[600.0, 695.3666785178068, 599.9635848649476, 664.5008262643263]
[651.5609157788435, 700.0, 600, 700]
[600.0, 700.0, 600, 657.5460551298739]
[600.0, 700.0, 643.3548392174279, 700.0]
[600.0, 700.0, 625.9076532288436, 700.2892147224675]
[600.0, 700.0, 625.5842130470614, 694.2443974750298]
[600.0, 700.0, 625.2878913209748, 692.250467456907]
[600.0, 700.0, 624.8607958307587, 691.568213672004]
[600.0, 700.0, 624.0576670971121, 691.2808960276791]
[600.0, 700.0, 622.9718292386851, 688.1772866041098]
[600.0, 700.0, 622.9712029140583, 680.2182009642229]
[600.0, 700.0, 620.6172344742029, 672.461144131236]
[600.0, 700.0, 614.7941216718141, 671.7230706722088]
[600.0, 700.0, 611.6673327138358, 664.5008262643263]
[600.0, 700.0, 590.3853389690735, 664.0430376670375]
[600.0, 700.0, 597.2776137358688, 662.0616955430146]
[600.0, 700.0, 598.0923460010406, 661.3531190083693]
[600.0, 700.0, 599.9635848649476, 661.247901121688]

2

[600, 679.606942297282, 600, 700]
[641.7090472483403, 715.4571349863699, 600, 700]
[600.0, 715.4571349863699, 600, 671.7230706722088]
[600.0, 715.4571349863699, 624.8607958307587, 694.2443974750298]
[600.0, 715.4571349863699, 624.0576670971121, 692.5485357679539]
[600.0, 715.4571349863699, 622.9718292386851, 692.250467456907]
[600.0, 715.4571349863699, 611.6673327138358, 691.568213672004]
[600.0, 715.4571349863699, 611.3622576353492, 690.9041783304546]
[600.0, 715.4571349863699, 610.5617299964629, 688.659393261266]
[600.0, 715.4571349863699, 608.7557043923457, 688.1772866041098]
[600.0, 715.4571349863699, 597.2776137358688, 679.8800512343665]
[600.0, 715.4571349863699, 598.0923460010406, 674.0234442615518]
[600.0, 715.4571349863699, 599.9635848649476, 671.7933484935057]
[648.160380419391, 688.0005949240169, 600, 700]
[641.7090472483403, 688.0005949240169, 600, 701.5168099134319]
[641.7090472483403, 688.0005949240169, 599.2319155142769, 700.0]
[600.0, 688.0005949240169, 600, 661.247901121688]
[600.0, 688.0005949240169, 625.5842130470614, 700.0]
[600.0, 688.0005949240169, 625.2878913209748, 700.2892147224675]
[600.0, 688.0005949240169, 624.8607958307587, 691.568213672004]
[600.0, 688.0005949240169, 624.0576670971121, 690.9041783304546]
[600.0, 688.0005949240169, 622.9718292386851, 688.1772866041098]
[600.0, 688.0005949240169, 622.9712029140583, 681.3039066546291]
[600.0, 688.0005949240169, 611.6673327138358, 679.8800512343665]
[600.0, 688.0005949240169, 608.7557043923457, 671.7933484935057]
[600.0, 688.0005949240169, 607.4967669786353, 670.4805441916542]
[600.0, 688.0005949240169, 606.8535329876025, 669.8470518000136]
[600.0, 688.0005949240169, 605.5337237538308, 664.0430376670375]
[600.0, 688.0005949240169, 598.0923460010406, 662.0616955430146]
[600.0, 688.0005949240169, 599.9635848649476, 661.3531190083693]
[651.5609157788435, 693.3256376377369, 600, 700]
[600.0, 693.3256376377369, 625.9076532288436, 700.0]
[600.0, 693.3256376377369, 625.5842130470614, 700.2892147224675]
[600.0, 693.3256376377369, 610.5617299964629, 737.8393349871769]
[653.0711202065372, 695.3666785178068, 600, 700]
[651.5609157788435, 695.3666785178068, 600, 701.5168099134319]
[651.5609157788435, 695.3666785178068, 599.2319155142769, 700.0]
[600.0, 695.3666785178068, 600, 657.1633809775755]
[600.0, 695.3666785178068, 645.9134347618668, 700.0]
[600.0, 695.3666785178068, 625.9076532288436, 700.2892147224675]
[600.0, 695.3666785178068, 625.5842130470614, 692.250467456907]
[600.0, 695.3666785178068, 625.2878913209748, 691.568213672004]
[600.0, 695.3666785178068, 624.8607958307587, 691.2808960276791]
[600.0, 695.3666785178068, 624.0576670971121, 688.1772866041098]
[600.0, 695.3666785178068, 622.9718292386851, 680.2182009642229]
[600.0, 695.3666785178068, 622.9712029140583, 672.461144131236]
[600.0, 695.3666785178068, 620.6172344742029, 671.7230706722088]
[600.0, 695.3666785178068, 614.7941216718141, 664.5008262643263]
[600.0, 695.3666785178068, 611.6673327138358, 664.0430376670375]
[600.0, 695.3666785178068, 610.5617299964629, 662.0616955430146]
[600.0, 695.3666785178068, 608.7557043923457, 661.3531190083693]
[600.0, 695.3666785178068, 603.9360778243405, 661.247901121688]
[600.0, 695.3666785178068, 598.0923460010406, 657.5460551298739]
[600.0, 695.3666785178068, 599.9635848649476, 657.1841786580059]
[654.0503809183042, 700.0, 600, 700]
[653.8761303382785, 700.0, 600, 701.5168099134319]
[653.8761303382785, 700.0, 599.2319155142769, 700.0]
[653.0711202065372, 700.0, 600, 705.7888943481487]
[653.0711202065372, 700.0, 597.2776137358688, 700.0]
[653.0711202065372, 700.0, 599.2319155142769, 701.5168099134319]
[651.5609157788435, 700.0, 600, 691.787058094757]
[651.5609157788435, 700.0, 640.5191945915291, 700.0]
[651.5609157788435, 700.0, 597.2776137358688, 701.5168099134319]
[651.5609157788435, 700.0, 599.2319155142769, 705.7888943481487]
[600.0, 700.0, 600, 654.8224355115825]
[600.0, 700.0, 654.8156662555742, 700.0]
[600.0, 700.0, 654.4066457020097, 700.2892147224675]
[600.0, 700.0, 645.9134347618668, 694.2443974750298]
[600.0, 700.0, 643.3548392174279, 692.250467456907]
[600.0, 700.0, 625.9076532288436, 691.568213672004]
[600.0, 700.0, 625.5842130470614, 691.2808960276791]
[600.0, 700.0, 625.2878913209748, 688.1772866041098]
[600.0, 700.0, 624.8607958307587, 680.2182009642229]
[600.0, 700.0, 624.0576670971121, 672.461144131236]
[600.0, 700.0, 622.9718292386851, 671.7230706722088]
[600.0, 700.0, 622.9712029140583, 664.5008262643263]
[600.0, 700.0, 620.6172344742029, 664.0430376670375]
[600.0, 700.0, 614.7941216718141, 662.0616955430146]
[600.0, 700.0, 611.6673327138358, 661.3531190083693]
[600.0, 700.0, 590.3853389690735, 661.247901121688]
[600.0, 700.0, 597.2776137358688, 657.5460551298739]
[600.0, 700.0, 598.0923460010406, 657.1841786580059]
[600.0, 700.0, 599.9635848649476, 656.9934273762641]

3

[600, 678.4735677629882, 600, 700]
[651.5609157788435, 688.0005949240169, 600, 700]
[600.0, 688.0005949240169, 600, 653.9813100558181]
[600.0, 688.0005949240169, 625.9076532288436, 700.0]
[600.0, 688.0005949240169, 625.5842130470614, 700.2892147224675]
[600.0, 688.0005949240169, 625.2878913209748, 691.2808960276791]
[600.0, 688.0005949240169, 624.8607958307587, 688.1772866041098]
[600.0, 688.0005949240169, 624.0576670971121, 681.3039066546291]
[600.0, 688.0005949240169, 622.9718292386851, 680.2182009642229]
[600.0, 688.0005949240169, 622.9712029140583, 730.1393015298222]
[600.0, 688.0005949240169, 620.6172344742029, 735.0622931118894]
[600.0, 688.0005949240169, 614.7941216718141, 735.5514634737596]
[600.0, 688.0005949240169, 611.6673327138358, 736.3385828136682]
[600.0, 688.0005949240169, 608.7557043923457, 737.8393349871769]
[600.0, 688.0005949240169, 606.8535329876025, 740.7492641627306]
[600.0, 688.0005949240169, 605.5337237538308, 742.7633405033366]
[600.0, 688.0005949240169, 599.9635848649476, 654.0135967552267]
[653.8761303382785, 693.3256376377369, 600, 700]
[653.0711202065372, 693.3256376377369, 600, 701.5168099134319]
[653.0711202065372, 693.3256376377369, 599.2319155142769, 700.0]
[651.5609157788435, 693.3256376377369, 600, 705.7888943481487]
[651.5609157788435, 693.3256376377369, 603.9360778243405, 700.0]
[651.5609157788435, 693.3256376377369, 599.2319155142769, 701.5168099134319]
[600.0, 693.3256376377369, 654.4066457020097, 700.0]
[600.0, 693.3256376377369, 645.9134347618668, 700.2892147224675]
[600.0, 693.3256376377369, 614.7941216718141, 737.8393349871769]
[654.0503809183042, 695.3666785178068, 600, 700]
[653.8761303382785, 695.3666785178068, 600, 701.5168099134319]
[653.8761303382785, 695.3666785178068, 599.2319155142769, 700.0]
[653.0711202065372, 695.3666785178068, 600, 705.7888943481487]
[653.0711202065372, 695.3666785178068, 603.9360778243405, 700.0]
[653.0711202065372, 695.3666785178068, 599.2319155142769, 701.5168099134319]
[651.5609157788435, 695.3666785178068, 600, 707.6544080564667]
[651.5609157788435, 695.3666785178068, 629.8602746992474, 700.0]
[651.5609157788435, 695.3666785178068, 603.9360778243405, 701.5168099134319]
[651.5609157788435, 695.3666785178068, 599.2319155142769, 705.7888943481487]
[600.0, 695.3666785178068, 600, 653.1878219249605]
[600.0, 695.3666785178068, 654.8156662555742, 700.0]
[600.0, 695.3666785178068, 654.4066457020097, 700.2892147224675]
[600.0, 695.3666785178068, 645.9134347618668, 692.250467456907]
[600.0, 695.3666785178068, 625.9076532288436, 691.568213672004]
[600.0, 695.3666785178068, 625.5842130470614, 691.2808960276791]
[600.0, 695.3666785178068, 625.2878913209748, 688.1772866041098]
[600.0, 695.3666785178068, 624.8607958307587, 680.2182009642229]
[600.0, 695.3666785178068, 624.0576670971121, 672.461144131236]
[600.0, 695.3666785178068, 622.9718292386851, 671.7230706722088]
[600.0, 695.3666785178068, 622.9712029140583, 664.5008262643263]
[600.0, 695.3666785178068, 620.6172344742029, 664.0430376670375]
[600.0, 695.3666785178068, 614.7941216718141, 662.0616955430146]
[600.0, 695.3666785178068, 611.6673327138358, 661.3531190083693]
[600.0, 695.3666785178068, 610.5617299964629, 661.247901121688]
[600.0, 695.3666785178068, 608.7557043923457, 657.5460551298739]
[600.0, 695.3666785178068, 603.9360778243405, 657.1841786580059]
[600.0, 695.3666785178068, 598.0923460010406, 656.9934273762641]
[600.0, 695.3666785178068, 599.9635848649476, 653.1958715554533]
[655.7064710159074, 700.0, 600, 700]
[600.0, 700.0, 600, 653.1768677474067]
[600.0, 700.0, 655.5211197592461, 700.0]
[600.0, 700.0, 655.4481609122112, 700.2892147224675]
[600.0, 700.0, 654.8156662555742, 694.2443974750298]
[600.0, 700.0, 654.4066457020097, 692.250467456907]
[600.0, 700.0, 645.9134347618668, 691.568213672004]
[600.0, 700.0, 643.3548392174279, 691.2808960276791]
[600.0, 700.0, 642.0278960694727, 688.1772866041098]
[600.0, 700.0, 631.226300698865, 680.2182009642229]
[600.0, 700.0, 625.9076532288436, 672.461144131236]
[600.0, 700.0, 625.5842130470614, 671.7230706722088]
[600.0, 700.0, 625.2878913209748, 664.5008262643263]
[600.0, 700.0, 624.8607958307587, 664.0430376670375]
[600.0, 700.0, 624.0576670971121, 662.0616955430146]
[600.0, 700.0, 622.9718292386851, 661.3531190083693]
[600.0, 700.0, 622.9712029140583, 661.247901121688]
[600.0, 700.0, 620.6172344742029, 657.5460551298739]
[600.0, 700.0, 614.7941216718141, 657.1841786580059]
[600.0, 700.0, 590.3853389690735, 656.9934273762641]
[600.0, 700.0, 597.2776137358688, 654.8156662555742]
[600.0, 700.0, 598.0923460010406, 653.1958715554533]
[600.0, 700.0, 599.9635848649476, 653.1878219249605]

4

[600, 657.5056936638758, 600, 700]
[655.812192270194, 695.3666785178068, 600, 700]
[600.0, 695.3666785178068, 661.247901121688, 700.0]
[600.0, 695.3666785178068, 656.1509935045294, 700.2892147224675]
[600.0, 695.3666785178068, 654.8156662555742, 691.568213672004]
[600.0, 695.3666785178068, 654.4066457020097, 691.2808960276791]
[600.0, 695.3666785178068, 645.9134347618668, 688.1772866041098]
[600.0, 695.3666785178068, 643.3548392174279, 680.2182009642229]
[600.0, 695.3666785178068, 631.226300698865, 672.461144131236]
[600.0, 695.3666785178068, 625.9076532288436, 671.7230706722088]
[600.0, 695.3666785178068, 625.5842130470614, 664.5008262643263]
[600.0, 695.3666785178068, 625.2878913209748, 664.0430376670375]
[600.0, 695.3666785178068, 624.8607958307587, 662.0616955430146]
[600.0, 695.3666785178068, 624.0576670971121, 661.3531190083693]
[600.0, 695.3666785178068, 622.9718292386851, 661.247901121688]
[600.0, 695.3666785178068, 622.9712029140583, 657.5460551298739]
[600.0, 695.3666785178068, 620.6172344742029, 657.1841786580059]
[600.0, 695.3666785178068, 614.7941216718141, 656.9934273762641]
[600.0, 695.3666785178068, 611.6673327138358, 653.1958715554533]
[657.6936646380079, 700.0, 600, 700]
[600.0, 700.0, 600, 635.2069222379708]
[600.0, 700.0, 664.0430376670375, 700.0]
[600.0, 700.0, 661.247901121688, 700.2892147224675]
[600.0, 700.0, 656.1509935045294, 694.2443974750298]
[600.0, 700.0, 655.5211197592461, 692.250467456907]
[600.0, 700.0, 655.4481609122112, 691.568213672004]
[600.0, 700.0, 654.8156662555742, 691.2808960276791]
[600.0, 700.0, 654.4066457020097, 688.1772866041098]
[600.0, 700.0, 645.9134347618668, 680.2182009642229]
[600.0, 700.0, 643.3548392174279, 672.461144131236]
[600.0, 700.0, 642.0278960694727, 671.7230706722088]
[600.0, 700.0, 631.226300698865, 664.5008262643263]
[600.0, 700.0, 625.9076532288436, 664.0430376670375]
[600.0, 700.0, 625.5842130470614, 662.0616955430146]
[600.0, 700.0, 625.2878913209748, 661.3531190083693]
[600.0, 700.0, 624.8607958307587, 661.247901121688]
[600.0, 700.0, 624.0576670971121, 657.5460551298739]
[600.0, 700.0, 622.9718292386851, 657.1841786580059]
[600.0, 700.0, 622.9712029140583, 656.9934273762641]
[600.0, 700.0, 620.6172344742029, 654.8156662555742]
[600.0, 700.0, 614.7941216718141, 653.1958715554533]
[600.0, 700.0, 611.6673327138358, 653.1878219249605]
[600.0, 700.0, 603.9360778243405, 652.9131205488865]
[600.0, 700.0, 598.0923460010406, 650.2848718648879]
[600.0, 700.0, 599.9635848649476, 647.9125084851828]

5

[600, 655.7214643852375, 600, 700]
[599.5195379343289, 656.0262130994472, 600, 700]
[600.0, 656.0262130994472, 600, 700.2892147224675]
[600.0, 656.0262130994472, 598.0923460010406, 700.0]
[657.6936646380079, 695.3666785178068, 600, 700]
[600.0, 695.3666785178068, 664.5008262643263, 700.0]
[600.0, 695.3666785178068, 664.0430376670375, 700.2892147224675]
[600.0, 695.3666785178068, 661.247901121688, 692.250467456907]
[600.0, 695.3666785178068, 656.1509935045294, 691.568213672004]
[600.0, 695.3666785178068, 655.5211197592461, 691.2808960276791]
[600.0, 695.3666785178068, 654.8156662555742, 688.1772866041098]
[600.0, 695.3666785178068, 654.4066457020097, 680.2182009642229]
[663.6684402150681, 700.0, 600, 700]
[600.0, 700.0, 600, 624.6244903909283]
[600.0, 700.0, 665.4081877013725, 700.0]
[600.0, 700.0, 665.1984592046862, 700.2892147224675]
[600.0, 700.0, 664.6778249061296, 694.2443974750298]
[600.0, 700.0, 664.5008262643263, 692.250467456907]
[600.0, 700.0, 664.0430376670375, 691.568213672004]
[600.0, 700.0, 661.247901121688, 691.2808960276791]
[600.0, 700.0, 656.1509935045294, 688.1772866041098]
[600.0, 700.0, 655.5211197592461, 680.3231421919766]
[600.0, 700.0, 655.4481609122112, 680.2182009642229]
[600.0, 700.0, 645.9134347618668, 675.4755620298091]
[600.0, 700.0, 643.3548392174279, 672.461144131236]
[600.0, 700.0, 642.0278960694727, 671.7230706722088]
[600.0, 700.0, 631.226300698865, 664.5008262643263]
[600.0, 700.0, 625.9076532288436, 664.0430376670375]
[600.0, 700.0, 625.5842130470614, 662.0616955430146]
[600.0, 700.0, 625.2878913209748, 661.3531190083693]
[600.0, 700.0, 624.8607958307587, 661.247901121688]
[600.0, 700.0, 624.0576670971121, 657.5460551298739]
[600.0, 700.0, 622.9718292386851, 657.1841786580059]
[600.0, 700.0, 622.9712029140583, 656.9934273762641]
[600.0, 700.0, 614.7941216718141, 654.8156662555742]
[600.0, 700.0, 611.6673327138358, 653.1958715554533]
[600.0, 700.0, 603.9360778243405, 653.1878219249605]
[600.0, 700.0, 601.9705011181745, 652.9131205488865]
[600.0, 700.0, 601.3002859440368, 632.3401539280493]
[600.0, 700.0, 599.9635848649476, 626.8069125697211]

6

[600, 653.9469798950976, 600, 700]
[599.5195379343289, 654.927949209123, 600, 700]
[600.0, 654.927949209123, 600, 700.2892147224675]
[600.0, 654.927949209123, 598.0923460010406, 700.0]
[641.7090472483403, 654.9579296733403, 600, 700]
[600.0, 654.9579296733403, 600, 623.6884173200832]
[600.0, 654.9579296733403, 625.9076532288436, 700.0]
[600.0, 654.9579296733403, 625.5842130470614, 700.2892147224675]
[600.0, 654.9579296733403, 625.2878913209748, 690.2626491172504]
[600.0, 654.9579296733403, 624.8607958307587, 686.9455414169357]
[600.0, 654.9579296733403, 624.0576670971121, 685.7797811006686]
[600.0, 654.9579296733403, 622.9718292386851, 669.8470518000136]
[600.0, 654.9579296733403, 612.6131939052484, 661.3531190083693]
[600.0, 654.9579296733403, 612.2897916313079, 661.247901121688]
[600.0, 654.9579296733403, 610.5617299964629, 650.2848718648879]
[600.0, 654.9579296733403, 610.489722191724, 647.7885960921542]
[600.0, 654.9579296733403, 599.9635848649476, 624.0381997992373]
[668.5425592495387, 695.3666785178068, 600, 700]
[663.6684402150681, 695.3666785178068, 600, 701.5168099134319]
[663.6684402150681, 695.3666785178068, 599.2319155142769, 700.0]
[600.0, 695.3666785178068, 600, 620.4718052724247]
[600.0, 695.3666785178068, 674.4347289459132, 700.0]
[600.0, 695.3666785178068, 668.8166071418431, 700.2892147224675]
[600.0, 695.3666785178068, 665.4081877013725, 692.250467456907]
[600.0, 695.3666785178068, 665.1984592046862, 691.568213672004]
[600.0, 695.3666785178068, 664.6778249061296, 691.2808960276791]
[600.0, 695.3666785178068, 664.5008262643263, 688.1772866041098]
[600.0, 695.3666785178068, 625.2878913209748, 661.247901121688]
[600.0, 695.3666785178068, 624.8607958307587, 657.5460551298739]
[600.0, 695.3666785178068, 624.0576670971121, 657.1841786580059]
[600.0, 695.3666785178068, 622.9718292386851, 656.9934273762641]
[600.0, 695.3666785178068, 622.9712029140583, 653.1958715554533]
[600.0, 695.3666785178068, 614.7941216718141, 652.9131205488865]
[600.0, 695.3666785178068, 611.6673327138358, 647.9125084851828]
[600.0, 695.3666785178068, 603.9360778243405, 624.0576670971121]
[600.0, 695.3666785178068, 601.9705011181745, 624.0381997992373]
[600.0, 695.3666785178068, 601.3002859440368, 623.5448372451517]
[600.0, 695.3666785178068, 599.9635848649476, 622.9718292386851]
[680.0418829135398, 700.0, 600, 700]
[679.3358798357815, 700.0, 600, 701.5168099134319]
[679.3358798357815, 700.0, 597.2776137358688, 700.0]
[600.0, 700.0, 600, 620.0422877372221]
[600.0, 700.0, 679.7432309547507, 700.0]
[600.0, 700.0, 677.8807194719097, 700.2892147224675]
[600.0, 700.0, 674.5196038978513, 694.5086759542073]
[600.0, 700.0, 674.4347289459132, 694.2443974750298]
[600.0, 700.0, 668.4526628197797, 692.250467456907]
[600.0, 700.0, 665.4081877013725, 691.568213672004]
[600.0, 700.0, 665.1984592046862, 691.2808960276791]
[600.0, 700.0, 665.1749601453781, 689.7284087215313]
[600.0, 700.0, 664.6778249061296, 688.1772866041098]
[600.0, 700.0, 660.4769396138016, 680.3231421919766]
[600.0, 700.0, 656.1509935045294, 680.2182009642229]
[600.0, 700.0, 655.5211197592461, 675.4755620298091]
[600.0, 700.0, 655.4481609122112, 672.461144131236]
[600.0, 700.0, 645.9134347618668, 671.7230706722088]
[600.0, 700.0, 643.3548392174279, 664.6778249061296]
[600.0, 700.0, 642.0278960694727, 664.5008262643263]
[600.0, 700.0, 631.226300698865, 664.0430376670375]
[600.0, 700.0, 625.9076532288436, 663.0983784562025]
[600.0, 700.0, 625.5842130470614, 662.4029380227664]
[600.0, 700.0, 625.2878913209748, 657.5460551298739]
[600.0, 700.0, 624.8607958307587, 657.1841786580059]
[600.0, 700.0, 624.0576670971121, 656.9934273762641]
[600.0, 700.0, 622.9718292386851, 653.1958715554533]
[600.0, 700.0, 622.9712029140583, 653.1878219249605]
[600.0, 700.0, 616.5065919340008, 652.9131205488865]
[600.0, 700.0, 614.7941216718141, 632.3401539280493]
[600.0, 700.0, 590.3853389690735, 626.8069125697211]
[600.0, 700.0, 593.3579576597559, 624.0576670971121]
[600.0, 700.0, 597.2468862936585, 624.0381997992373]
[600.0, 700.0, 598.0923460010406, 623.5448372451517]
[600.0, 700.0, 599.8999634785425, 622.9718292386851]
[600.0, 700.0, 599.9635848649476, 620.0498349057284]

7

[600, 652.879642251968, 600, 700]
[680.0418829135398, 695.3666785178068, 600, 700]
[679.3358798357815, 695.3666785178068, 600, 701.5168099134319]
[679.3358798357815, 695.3666785178068, 640.5191945915291, 700.0]
[600.0, 695.3666785178068, 684.3421117269636, 700.0]
[600.0, 695.3666785178068, 679.7432309547507, 700.2892147224675]
[600.0, 695.3666785178068, 677.8807194719097, 694.5086759542073]
[600.0, 695.3666785178068, 645.9134347618668, 664.6778249061296]
[600.0, 695.3666785178068, 643.3548392174279, 664.5008262643263]
[600.0, 695.3666785178068, 631.226300698865, 664.0430376670375]
[600.0, 695.3666785178068, 625.9076532288436, 663.0983784562025]
[600.0, 695.3666785178068, 625.5842130470614, 662.4029380227664]
[600.0, 695.3666785178068, 625.2878913209748, 657.5460551298739]
[600.0, 695.3666785178068, 624.8607958307587, 657.1841786580059]
[600.0, 695.3666785178068, 624.0576670971121, 656.9934273762641]
[600.0, 695.3666785178068, 622.9712029140583, 647.9125084851828]
[681.996829871768, 700.0, 600, 700]
[600.0, 700.0, 600, 613.0732508142032]
[600.0, 700.0, 690.8341557727182, 700.0]
[600.0, 700.0, 684.3421117269636, 700.2892147224675]
[600.0, 700.0, 679.7432309547507, 694.5086759542073]
[600.0, 700.0, 677.8807194719097, 694.2443974750298]
[600.0, 700.0, 674.5196038978513, 692.250467456907]
[600.0, 700.0, 674.4347289459132, 691.568213672004]
[600.0, 700.0, 668.4526628197797, 691.2808960276791]
[600.0, 700.0, 665.4081877013725, 689.7284087215313]
[600.0, 700.0, 665.1984592046862, 688.1772866041098]
[600.0, 700.0, 665.1749601453781, 680.3231421919766]
[600.0, 700.0, 664.6778249061296, 680.2182009642229]
[600.0, 700.0, 660.4769396138016, 675.4755620298091]
[600.0, 700.0, 656.1509935045294, 672.461144131236]
[600.0, 700.0, 655.5211197592461, 671.7230706722088]
[600.0, 700.0, 655.4481609122112, 664.6778249061296]
[600.0, 700.0, 645.9134347618668, 664.5008262643263]
[600.0, 700.0, 643.3548392174279, 664.0430376670375]
[600.0, 700.0, 642.0278960694727, 663.0983784562025]
[600.0, 700.0, 631.226300698865, 662.4029380227664]
[600.0, 700.0, 625.9076532288436, 657.5460551298739]
[600.0, 700.0, 625.5842130470614, 657.1841786580059]
[600.0, 700.0, 625.2878913209748, 656.9934273762641]
[600.0, 700.0, 624.8607958307587, 653.1958715554533]
[600.0, 700.0, 624.0576670971121, 653.1878219249605]
[600.0, 700.0, 622.9718292386851, 652.9131205488865]
[600.0, 700.0, 616.5065919340008, 632.3401539280493]
[600.0, 700.0, 614.7941216718141, 626.8069125697211]
[600.0, 700.0, 611.6673327138358, 624.0576670971121]
[600.0, 700.0, 590.3853389690735, 624.0381997992373]
[600.0, 700.0, 593.3579576597559, 623.5448372451517]
[600.0, 700.0, 597.2468862936585, 622.9718292386851]
[600.0, 700.0, 598.0923460010406, 620.0498349057284]
[600.0, 700.0, 599.8999634785425, 618.4117142387859]
[600.0, 700.0, 599.9635848649476, 618.2418975427895]
