selection file, result

0

[19940623.0, 19941012, 1.0]
[19940625.0, 19941014, 1.0]
[19940627.0, 19941016, 1.0]
[19940620.0, 19941010, 1.0]
[19940621.0, 19941011, 1.0]

1

[19940824.0, 19941211, 1.0]
[19940825.0, 19941212, 1.0]
[19940826.0, 19941214, 1.0]
[19940827.0, 19941215, 1.0]
[19940828.0, 19941217, 1.0]
[19940830.0, 19941218, 1.0]
[19940901.0, 19941220, 1.0]
[19940821.0, 19941209, 1.0]
[19940822.0, 19941210, 1.0]

2

[19941023.0, 19950210, 1.0]
[19941024.0, 19950211, 1.0]
[19941025.0, 19950212, 1.0]
[19941026.0, 19950213, 1.0]
[19941027.0, 19950214, 1.0]
[19941028.0, 19950215, 1.0]
[19941029.0, 19950216, 1.0]
[19941030.0, 19950217, 1.0]
[19941101.0, 19950219, 1.0]
[19941102.0, 19950220, 1.0]
[19941021.0, 19950208, 1.0]
[19941019.0, 19950206, 1.0]
[19941015.0, 19950204, 1.0]
[19941014.0, 19950202, 1.0]
[19941013.0, 19950131, 1.0]
[19941009.0, 19950128, 1.0]
[19941022.0, 19950209, 1.0]

3

[19941223.0, 19950412, 1.0]
[19941224.0, 19950413, 1.0]
[19941225.0, 19950414, 1.0]
[19941226.0, 19950416, 1.0]
[19941227.0, 19950417, 1.0]
[19941228.0, 19950418, 1.0]
[19941230.0, 19950419, 1.0]
[19950101.0, 19950422, 1.0]
[19941221.0, 19950410, 1.0]
[19941222.0, 19950411, 1.0]

4



5



6



7



8



9



10



11


