selection file, result

1



2



3



4

[19950317, 19950317.0, 0.0, 0.0, 0.0, 1.0]
[19950317, 19950317.0, 0.0, 0.0, 1.0, 0.0]
[19950317, 19950317.0, 0.0, 1.0, 0.0, 0.0]
[19950317, 19950317.0, 1.0, 0.0, 0.0, 0.0]
[19950331, 19950303.0, 0.0, 0.0, 0.0, 0.0]
[19950330, 19950302.0, 0.0, 0.0, 0.0, 0.0]
[19950329, 19950301.0, 0.0, 0.0, 0.0, 0.0]
[19950328, 19950228.0, 0.0, 0.0, 0.0, 0.0]
[19950327, 19950227.0, 0.0, 0.0, 0.0, 0.0]
[19950326, 19950226.0, 0.0, 0.0, 0.0, 0.0]
[19950325, 19950225.0, 0.0, 0.0, 0.0, 0.0]
[19950324, 19950224.0, 0.0, 0.0, 0.0, 0.0]
[19950322, 19950223.0, 0.0, 0.0, 0.0, 0.0]
[19950321, 19950222.0, 0.0, 0.0, 0.0, 0.0]
[19950320, 19950221.0, 0.0, 0.0, 0.0, 0.0]
[19950319, 19950220.0, 0.0, 0.0, 0.0, 0.0]
[19950318, 19950219.0, 0.0, 0.0, 0.0, 0.0]
[19950317, 19950218.0, 0.0, 0.0, 0.0, 0.0]
[19950401.0, 19950304.0, 0.0, 0.0, 0.0, 0.0]
[19950402.0, 19950305.0, 0.0, 0.0, 0.0, 0.0]
[19950403.0, 19950306.0, 0.0, 0.0, 0.0, 0.0]
[19950404.0, 19950307.0, 0.0, 0.0, 0.0, 0.0]
[19950405.0, 19950308.0, 0.0, 0.0, 0.0, 0.0]
[19950406.0, 19950309.0, 0.0, 0.0, 0.0, 0.0]
[19950408.0, 19950311.0, 0.0, 0.0, 0.0, 0.0]
[19950409.0, 19950312.0, 0.0, 0.0, 0.0, 0.0]
[19950410.0, 19950313.0, 0.0, 0.0, 0.0, 0.0]
[19950411.0, 19950314.0, 0.0, 0.0, 0.0, 0.0]
[19950412.0, 19950315.0, 0.0, 0.0, 0.0, 0.0]
[19950413.0, 19950316.0, 0.0, 0.0, 0.0, 0.0]
[19950414.0, 19950317.0, 0.0, 0.0, 0.0, 0.0]

5

[19950317, 19950417.0, 0.0, 0.0, 1.0, 1.0]
[19950317, 19950417.0, 0.0, 1.0, 0.0, 1.0]
[19950317, 19950417.0, 1.0, 0.0, 0.0, 1.0]
[19950324, 19950410.0, 0.0, 0.0, 0.0, 1.0]
[19950323, 19950409.0, 0.0, 0.0, 0.0, 1.0]
[19950322, 19950408.0, 0.0, 0.0, 0.0, 1.0]
[19950322, 19950223.0, 0.0, 0.0, 0.0, 0.0]
[19950321, 19950407.0, 0.0, 0.0, 0.0, 1.0]
[19950321, 19950222.0, 0.0, 0.0, 0.0, 0.0]
[19950320, 19950406.0, 0.0, 0.0, 0.0, 1.0]
[19950320, 19950221.0, 0.0, 0.0, 0.0, 0.0]
[19950319, 19950405.0, 0.0, 0.0, 0.0, 1.0]
[19950319, 19950220.0, 0.0, 0.0, 0.0, 0.0]
[19950318, 19950404.0, 0.0, 0.0, 0.0, 1.0]
[19950318, 19950219.0, 0.0, 0.0, 0.0, 0.0]
[19950317, 19950403.0, 0.0, 0.0, 0.0, 1.0]
[19950317, 19950218.0, 0.0, 0.0, 0.0, 0.0]
[19950325.0, 19950411.0, 0.0, 0.0, 0.0, 1.0]
[19950510.0, 19950411.0, 0.0, 0.0, 0.0, 0.0]
[19950326.0, 19950412.0, 0.0, 0.0, 0.0, 1.0]
[19950511.0, 19950412.0, 0.0, 0.0, 0.0, 0.0]
[19950327.0, 19950413.0, 0.0, 0.0, 0.0, 1.0]
[19950512.0, 19950413.0, 0.0, 0.0, 0.0, 0.0]
[19950328.0, 19950414.0, 0.0, 0.0, 0.0, 1.0]
[19950513.0, 19950414.0, 0.0, 0.0, 0.0, 0.0]
[19950329.0, 19950415.0, 0.0, 0.0, 0.0, 1.0]
[19950514.0, 19950415.0, 0.0, 0.0, 0.0, 0.0]
[19950330.0, 19950416.0, 0.0, 0.0, 0.0, 1.0]
[19950515.0, 19950416.0, 0.0, 0.0, 0.0, 0.0]
[19950331.0, 19950417.0, 0.0, 0.0, 0.0, 1.0]
[19950516.0, 19950417.0, 0.0, 0.0, 0.0, 0.0]
[19950415.0, 19950318.0, 0.0, 0.0, 0.0, 0.0]
[19950414.0, 19950317.0, 0.0, 0.0, 0.0, 0.0]
[19950413.0, 19950316.0, 0.0, 0.0, 0.0, 0.0]
[19950412.0, 19950315.0, 0.0, 0.0, 0.0, 0.0]
[19950411.0, 19950314.0, 0.0, 0.0, 0.0, 0.0]
[19950410.0, 19950313.0, 0.0, 0.0, 0.0, 0.0]
[19950409.0, 19950312.0, 0.0, 0.0, 0.0, 0.0]
[19950408.0, 19950311.0, 0.0, 0.0, 0.0, 0.0]
[19950406.0, 19950309.0, 0.0, 0.0, 0.0, 0.0]
[19950405.0, 19950308.0, 0.0, 0.0, 0.0, 0.0]
[19950404.0, 19950307.0, 0.0, 0.0, 0.0, 0.0]
[19950403.0, 19950306.0, 0.0, 0.0, 0.0, 0.0]
[19950402.0, 19950305.0, 0.0, 0.0, 0.0, 0.0]
[19950401.0, 19950304.0, 0.0, 0.0, 0.0, 0.0]
[19950331.0, 19950303.0, 0.0, 0.0, 0.0, 0.0]
[19950330.0, 19950302.0, 0.0, 0.0, 0.0, 0.0]
[19950329.0, 19950301.0, 0.0, 0.0, 0.0, 0.0]
[19950328.0, 19950228.0, 0.0, 0.0, 0.0, 0.0]
[19950327.0, 19950227.0, 0.0, 0.0, 0.0, 0.0]
[19950326.0, 19950226.0, 0.0, 0.0, 0.0, 0.0]
[19950325.0, 19950225.0, 0.0, 0.0, 0.0, 0.0]
[19950324.0, 19950224.0, 0.0, 0.0, 0.0, 0.0]
[19950416.0, 19950319.0, 0.0, 0.0, 0.0, 0.0]
[19950417.0, 19950320.0, 0.0, 0.0, 0.0, 0.0]
[19950418.0, 19950321.0, 0.0, 0.0, 0.0, 0.0]
[19950419.0, 19950322.0, 0.0, 0.0, 0.0, 0.0]
[19950420.0, 19950323.0, 0.0, 0.0, 0.0, 0.0]
[19950421.0, 19950324.0, 0.0, 0.0, 0.0, 0.0]
[19950422.0, 19950325.0, 0.0, 0.0, 0.0, 0.0]
[19950423.0, 19950326.0, 0.0, 0.0, 0.0, 0.0]
[19950424.0, 19950327.0, 0.0, 0.0, 0.0, 0.0]
[19950425.0, 19950328.0, 0.0, 0.0, 0.0, 0.0]
[19950426.0, 19950329.0, 0.0, 0.0, 0.0, 0.0]
[19950427.0, 19950330.0, 0.0, 0.0, 0.0, 0.0]
[19950428.0, 19950331.0, 0.0, 0.0, 0.0, 0.0]
[19950429.0, 19950401.0, 0.0, 0.0, 0.0, 0.0]
[19950501.0, 19950402.0, 0.0, 0.0, 0.0, 0.0]
[19950502.0, 19950403.0, 0.0, 0.0, 0.0, 0.0]
[19950503.0, 19950404.0, 0.0, 0.0, 0.0, 0.0]
[19950504.0, 19950405.0, 0.0, 0.0, 0.0, 0.0]
[19950505.0, 19950406.0, 0.0, 0.0, 0.0, 0.0]
[19950506.0, 19950408.0, 0.0, 0.0, 0.0, 0.0]
[19950507.0, 19950409.0, 0.0, 0.0, 0.0, 0.0]
[19950509.0, 19950410.0, 0.0, 0.0, 0.0, 0.0]
[19950324, 19950409.0, 1.0, 0.0, 0.0, 0.0]
[19950323, 19950408.0, 1.0, 0.0, 0.0, 0.0]
[19950321, 19950407.0, 1.0, 0.0, 0.0, 0.0]
[19950319, 19950405.0, 1.0, 0.0, 0.0, 0.0]
[19950325.0, 19950411.0, 1.0, 0.0, 0.0, 0.0]
[19950317, 19950417.0, 1.0, 1.0, 0.0, 0.0]
[19950324, 19950410.0, 0.0, 1.0, 0.0, 0.0]
[19950323, 19950409.0, 0.0, 1.0, 0.0, 0.0]
[19950321, 19950407.0, 0.0, 1.0, 0.0, 0.0]
[19950320, 19950406.0, 0.0, 1.0, 0.0, 0.0]
[19950326.0, 19950412.0, 0.0, 1.0, 0.0, 0.0]
[19950328.0, 19950414.0, 0.0, 1.0, 0.0, 0.0]
[19950330.0, 19950416.0, 0.0, 1.0, 0.0, 0.0]
[19950325.0, 19950411.0, 0.0, 1.0, 0.0, 0.0]
[19950317, 19950417.0, 0.0, 1.0, 1.0, 0.0]
[19950317, 19950417.0, 1.0, 0.0, 1.0, 0.0]
[19950324, 19950409.0, 0.0, 0.0, 1.0, 0.0]
[19950323, 19950408.0, 0.0, 0.0, 1.0, 0.0]
[19950322, 19950407.0, 0.0, 0.0, 1.0, 0.0]
[19950321, 19950406.0, 0.0, 0.0, 1.0, 0.0]
[19950320, 19950405.0, 0.0, 0.0, 1.0, 0.0]
[19950319, 19950404.0, 0.0, 0.0, 1.0, 0.0]
[19950318, 19950403.0, 0.0, 0.0, 1.0, 0.0]
[19950317, 19950402.0, 0.0, 0.0, 1.0, 0.0]
[19950325.0, 19950410.0, 0.0, 0.0, 1.0, 0.0]
[19950326.0, 19950411.0, 0.0, 0.0, 1.0, 0.0]
[19950327.0, 19950412.0, 0.0, 0.0, 1.0, 0.0]
[19950328.0, 19950413.0, 0.0, 0.0, 1.0, 0.0]
[19950329.0, 19950414.0, 0.0, 0.0, 1.0, 0.0]
[19950330.0, 19950415.0, 0.0, 0.0, 1.0, 0.0]
[19950331.0, 19950416.0, 0.0, 0.0, 1.0, 0.0]
[19950401.0, 19950417.0, 0.0, 0.0, 1.0, 0.0]

6

[19950320, 19950514.0, 1.0, 1.0, 1.0, 1.0]
[19950319, 19950513.0, 1.0, 1.0, 1.0, 1.0]
[19950319, 19950505.0, 0.0, 1.0, 1.0, 1.0]
[19950319, 19950424.0, 0.0, 0.0, 1.0, 1.0]
[19950319, 19950405.0, 0.0, 0.0, 0.0, 1.0]
[19950319, 19950220.0, 0.0, 0.0, 0.0, 0.0]
[19950319, 19950404.0, 0.0, 0.0, 1.0, 0.0]
[19950319, 19950424.0, 0.0, 1.0, 0.0, 1.0]
[19950319, 19950405.0, 0.0, 1.0, 0.0, 0.0]
[19950319, 19950423.0, 0.0, 1.0, 1.0, 0.0]
[19950319, 19950505.0, 1.0, 0.0, 1.0, 1.0]
[19950319, 19950424.0, 1.0, 0.0, 0.0, 1.0]
[19950319, 19950405.0, 1.0, 0.0, 0.0, 0.0]
[19950319, 19950423.0, 1.0, 0.0, 1.0, 0.0]
[19950319, 19950505.0, 1.0, 1.0, 0.0, 1.0]
[19950319, 19950423.0, 1.0, 1.0, 0.0, 0.0]
[19950319, 19950505.0, 1.0, 1.0, 1.0, 0.0]
[19950318, 19950512.0, 1.0, 1.0, 1.0, 1.0]
[19950318, 19950504.0, 0.0, 1.0, 1.0, 1.0]
[19950318, 19950423.0, 0.0, 0.0, 1.0, 1.0]
[19950318, 19950404.0, 0.0, 0.0, 0.0, 1.0]
[19950318, 19950219.0, 0.0, 0.0, 0.0, 0.0]
[19950318, 19950403.0, 0.0, 0.0, 1.0, 0.0]
[19950318, 19950423.0, 0.0, 1.0, 0.0, 1.0]
[19950318, 19950404.0, 0.0, 1.0, 0.0, 0.0]
[19950318, 19950422.0, 0.0, 1.0, 1.0, 0.0]
[19950318, 19950504.0, 1.0, 0.0, 1.0, 1.0]
[19950318, 19950423.0, 1.0, 0.0, 0.0, 1.0]
[19950318, 19950404.0, 1.0, 0.0, 0.0, 0.0]
[19950318, 19950422.0, 1.0, 0.0, 1.0, 0.0]
[19950318, 19950504.0, 1.0, 1.0, 0.0, 1.0]
[19950318, 19950422.0, 1.0, 1.0, 0.0, 0.0]
[19950318, 19950503.0, 1.0, 1.0, 1.0, 0.0]
[19950317, 19950511.0, 1.0, 1.0, 1.0, 1.0]
[19950317, 19950503.0, 0.0, 1.0, 1.0, 1.0]
[19950317, 19950422.0, 0.0, 0.0, 1.0, 1.0]
[19950317, 19950403.0, 0.0, 0.0, 0.0, 1.0]
[19950317, 19950218.0, 0.0, 0.0, 0.0, 0.0]
[19950317, 19950402.0, 0.0, 0.0, 1.0, 0.0]
[19950317, 19950422.0, 0.0, 1.0, 0.0, 1.0]
[19950317, 19950403.0, 0.0, 1.0, 0.0, 0.0]
[19950317, 19950421.0, 0.0, 1.0, 1.0, 0.0]
[19950317, 19950503.0, 1.0, 0.0, 1.0, 1.0]
[19950317, 19950422.0, 1.0, 0.0, 0.0, 1.0]
[19950317, 19950403.0, 1.0, 0.0, 0.0, 0.0]
[19950317, 19950421.0, 1.0, 0.0, 1.0, 0.0]
[19950317, 19950503.0, 1.0, 1.0, 0.0, 1.0]
[19950317, 19950421.0, 1.0, 1.0, 0.0, 0.0]
[19950317, 19950502.0, 1.0, 1.0, 1.0, 0.0]
[19950321.0, 19950515.0, 1.0, 1.0, 1.0, 1.0]
[19950329.0, 19950515.0, 0.0, 1.0, 1.0, 1.0]
[19950409.0, 19950515.0, 0.0, 0.0, 1.0, 1.0]
[19950428.0, 19950515.0, 0.0, 0.0, 0.0, 1.0]
[19950612.0, 19950515.0, 0.0, 0.0, 0.0, 0.0]
[19950429.0, 19950515.0, 0.0, 0.0, 1.0, 0.0]
[19950409.0, 19950515.0, 0.0, 1.0, 0.0, 1.0]
[19950427.0, 19950515.0, 0.0, 1.0, 0.0, 0.0]
[19950409.0, 19950515.0, 0.0, 1.0, 1.0, 0.0]
[19950329.0, 19950515.0, 1.0, 0.0, 1.0, 1.0]
[19950409.0, 19950515.0, 1.0, 0.0, 0.0, 1.0]
[19950429.0, 19950515.0, 1.0, 0.0, 0.0, 0.0]
[19950410.0, 19950515.0, 1.0, 0.0, 1.0, 0.0]
[19950329.0, 19950515.0, 1.0, 1.0, 0.0, 1.0]
[19950409.0, 19950515.0, 1.0, 1.0, 0.0, 0.0]
[19950329.0, 19950515.0, 1.0, 1.0, 1.0, 0.0]
[19950323.0, 19950517.0, 1.0, 1.0, 1.0, 1.0]
[19950330.0, 19950516.0, 0.0, 1.0, 1.0, 1.0]
[19950410.0, 19950516.0, 0.0, 0.0, 1.0, 1.0]
[19950429.0, 19950516.0, 0.0, 0.0, 0.0, 1.0]
[19950613.0, 19950516.0, 0.0, 0.0, 0.0, 0.0]
[19950430.0, 19950516.0, 0.0, 0.0, 1.0, 0.0]
[19950410.0, 19950516.0, 0.0, 1.0, 0.0, 1.0]
[19950428.0, 19950516.0, 0.0, 1.0, 0.0, 0.0]
[19950410.0, 19950516.0, 0.0, 1.0, 1.0, 0.0]
[19950330.0, 19950516.0, 1.0, 0.0, 1.0, 1.0]
[19950411.0, 19950516.0, 1.0, 0.0, 0.0, 1.0]
[19950430.0, 19950516.0, 1.0, 0.0, 0.0, 0.0]
[19950411.0, 19950516.0, 1.0, 0.0, 1.0, 0.0]
[19950330.0, 19950516.0, 1.0, 1.0, 0.0, 1.0]
[19950411.0, 19950516.0, 1.0, 1.0, 0.0, 0.0]
[19950331.0, 19950517.0, 0.0, 1.0, 1.0, 1.0]
[19950411.0, 19950517.0, 0.0, 0.0, 1.0, 1.0]
[19950430.0, 19950517.0, 0.0, 0.0, 0.0, 1.0]
[19950614.0, 19950517.0, 0.0, 0.0, 0.0, 0.0]
[19950501.0, 19950517.0, 0.0, 0.0, 1.0, 0.0]
[19950411.0, 19950517.0, 0.0, 1.0, 0.0, 1.0]
[19950429.0, 19950517.0, 0.0, 1.0, 0.0, 0.0]
[19950411.0, 19950517.0, 0.0, 1.0, 1.0, 0.0]
[19950331.0, 19950517.0, 1.0, 0.0, 1.0, 1.0]
[19950412.0, 19950517.0, 1.0, 0.0, 0.0, 1.0]
[19950501.0, 19950517.0, 1.0, 0.0, 0.0, 0.0]
[19950412.0, 19950517.0, 1.0, 0.0, 1.0, 0.0]
[19950331.0, 19950517.0, 1.0, 1.0, 0.0, 1.0]
[19950412.0, 19950517.0, 1.0, 1.0, 0.0, 0.0]
[19950331.0, 19950517.0, 1.0, 1.0, 1.0, 0.0]
[19950324.0, 19950510.0, 0.0, 1.0, 1.0, 1.0]
[19950323.0, 19950509.0, 0.0, 1.0, 1.0, 1.0]
[19950323.0, 19950428.0, 0.0, 0.0, 1.0, 1.0]
[19950323.0, 19950409.0, 0.0, 0.0, 0.0, 1.0]
[19950323.0, 19950408.0, 0.0, 0.0, 1.0, 0.0]
[19950323.0, 19950428.0, 0.0, 1.0, 0.0, 1.0]
[19950323.0, 19950409.0, 0.0, 1.0, 0.0, 0.0]
[19950323.0, 19950427.0, 0.0, 1.0, 1.0, 0.0]
[19950322.0, 19950508.0, 0.0, 1.0, 1.0, 1.0]
[19950322.0, 19950427.0, 0.0, 0.0, 1.0, 1.0]
[19950322.0, 19950408.0, 0.0, 0.0, 0.0, 1.0]
[19950322.0, 19950223.0, 0.0, 0.0, 0.0, 0.0]
[19950322.0, 19950407.0, 0.0, 0.0, 1.0, 0.0]
[19950322.0, 19950427.0, 0.0, 1.0, 0.0, 1.0]
[19950322.0, 19950426.0, 0.0, 1.0, 1.0, 0.0]
[19950321.0, 19950507.0, 0.0, 1.0, 1.0, 1.0]
[19950321.0, 19950426.0, 0.0, 0.0, 1.0, 1.0]
[19950321.0, 19950407.0, 0.0, 0.0, 0.0, 1.0]
[19950321.0, 19950222.0, 0.0, 0.0, 0.0, 0.0]
[19950321.0, 19950406.0, 0.0, 0.0, 1.0, 0.0]
[19950321.0, 19950426.0, 0.0, 1.0, 0.0, 1.0]
[19950321.0, 19950407.0, 0.0, 1.0, 0.0, 0.0]
[19950321.0, 19950425.0, 0.0, 1.0, 1.0, 0.0]
[19950320.0, 19950506.0, 0.0, 1.0, 1.0, 1.0]
[19950320.0, 19950425.0, 0.0, 0.0, 1.0, 1.0]
[19950320.0, 19950406.0, 0.0, 0.0, 0.0, 1.0]
[19950320.0, 19950221.0, 0.0, 0.0, 0.0, 0.0]
[19950320.0, 19950405.0, 0.0, 0.0, 1.0, 0.0]
[19950320.0, 19950425.0, 0.0, 1.0, 0.0, 1.0]
[19950320.0, 19950406.0, 0.0, 1.0, 0.0, 0.0]
[19950320.0, 19950424.0, 0.0, 1.0, 1.0, 0.0]
[19950325.0, 19950511.0, 0.0, 1.0, 1.0, 1.0]
[19950424.0, 19950511.0, 0.0, 0.0, 0.0, 1.0]
[19950608.0, 19950511.0, 0.0, 0.0, 0.0, 0.0]
[19950425.0, 19950511.0, 0.0, 0.0, 1.0, 0.0]
[19950405.0, 19950511.0, 0.0, 1.0, 0.0, 1.0]
[19950423.0, 19950511.0, 0.0, 1.0, 0.0, 0.0]
[19950326.0, 19950512.0, 0.0, 1.0, 1.0, 1.0]
[19950406.0, 19950512.0, 0.0, 0.0, 1.0, 1.0]
[19950425.0, 19950512.0, 0.0, 0.0, 0.0, 1.0]
[19950609.0, 19950512.0, 0.0, 0.0, 0.0, 0.0]
[19950426.0, 19950512.0, 0.0, 0.0, 1.0, 0.0]
[19950406.0, 19950512.0, 0.0, 1.0, 0.0, 1.0]
[19950424.0, 19950512.0, 0.0, 1.0, 0.0, 0.0]
[19950406.0, 19950512.0, 0.0, 1.0, 1.0, 0.0]
[19950327.0, 19950513.0, 0.0, 1.0, 1.0, 1.0]
[19950407.0, 19950513.0, 0.0, 0.0, 1.0, 1.0]
[19950426.0, 19950513.0, 0.0, 0.0, 0.0, 1.0]
[19950610.0, 19950513.0, 0.0, 0.0, 0.0, 0.0]
[19950427.0, 19950513.0, 0.0, 0.0, 1.0, 0.0]
[19950407.0, 19950513.0, 0.0, 1.0, 0.0, 1.0]
[19950425.0, 19950513.0, 0.0, 1.0, 0.0, 0.0]
[19950407.0, 19950513.0, 0.0, 1.0, 1.0, 0.0]
[19950328.0, 19950514.0, 0.0, 1.0, 1.0, 1.0]
[19950408.0, 19950514.0, 0.0, 0.0, 1.0, 1.0]
[19950427.0, 19950514.0, 0.0, 0.0, 0.0, 1.0]
[19950611.0, 19950514.0, 0.0, 0.0, 0.0, 0.0]
[19950428.0, 19950514.0, 0.0, 0.0, 1.0, 0.0]
[19950408.0, 19950514.0, 0.0, 1.0, 0.0, 1.0]
[19950426.0, 19950514.0, 0.0, 1.0, 0.0, 0.0]
[19950408.0, 19950514.0, 0.0, 1.0, 1.0, 0.0]
[19950329.0, 19950504.0, 0.0, 0.0, 1.0, 1.0]
[19950328.0, 19950503.0, 0.0, 0.0, 1.0, 1.0]
[19950328.0, 19950414.0, 0.0, 0.0, 0.0, 1.0]
[19950328.0, 19950228.0, 0.0, 0.0, 0.0, 0.0]
[19950328.0, 19950413.0, 0.0, 0.0, 1.0, 0.0]
[19950327.0, 19950502.0, 0.0, 0.0, 1.0, 1.0]
[19950327.0, 19950413.0, 0.0, 0.0, 0.0, 1.0]
[19950327.0, 19950227.0, 0.0, 0.0, 0.0, 0.0]
[19950327.0, 19950412.0, 0.0, 0.0, 1.0, 0.0]
[19950326.0, 19950501.0, 0.0, 0.0, 1.0, 1.0]
[19950326.0, 19950412.0, 0.0, 0.0, 0.0, 1.0]
[19950326.0, 19950226.0, 0.0, 0.0, 0.0, 0.0]
[19950326.0, 19950411.0, 0.0, 0.0, 1.0, 0.0]
[19950325.0, 19950430.0, 0.0, 0.0, 1.0, 1.0]
[19950325.0, 19950411.0, 0.0, 0.0, 0.0, 1.0]
[19950325.0, 19950225.0, 0.0, 0.0, 0.0, 0.0]
[19950325.0, 19950410.0, 0.0, 0.0, 1.0, 0.0]
[19950324.0, 19950429.0, 0.0, 0.0, 1.0, 1.0]
[19950324.0, 19950410.0, 0.0, 0.0, 0.0, 1.0]
[19950324.0, 19950224.0, 0.0, 0.0, 0.0, 0.0]
[19950324.0, 19950409.0, 0.0, 0.0, 1.0, 0.0]
[19950330.0, 19950505.0, 0.0, 0.0, 1.0, 1.0]
[19950418.0, 19950505.0, 0.0, 0.0, 0.0, 1.0]
[19950418.0, 19950505.0, 0.0, 0.0, 1.0, 0.0]
[19950331.0, 19950506.0, 0.0, 0.0, 1.0, 1.0]
[19950419.0, 19950506.0, 0.0, 0.0, 0.0, 1.0]
[19950603.0, 19950506.0, 0.0, 0.0, 0.0, 0.0]
[19950419.0, 19950506.0, 0.0, 0.0, 1.0, 0.0]
[19950401.0, 19950507.0, 0.0, 0.0, 1.0, 1.0]
[19950420.0, 19950507.0, 0.0, 0.0, 0.0, 1.0]
[19950604.0, 19950507.0, 0.0, 0.0, 0.0, 0.0]
[19950421.0, 19950507.0, 0.0, 0.0, 1.0, 0.0]
[19950402.0, 19950508.0, 0.0, 0.0, 1.0, 1.0]
[19950421.0, 19950508.0, 0.0, 0.0, 0.0, 1.0]
[19950422.0, 19950508.0, 0.0, 0.0, 1.0, 0.0]
[19950403.0, 19950509.0, 0.0, 0.0, 1.0, 1.0]
[19950422.0, 19950509.0, 0.0, 0.0, 0.0, 1.0]
[19950606.0, 19950509.0, 0.0, 0.0, 0.0, 0.0]
[19950423.0, 19950509.0, 0.0, 0.0, 1.0, 0.0]
[19950404.0, 19950510.0, 0.0, 0.0, 1.0, 1.0]
[19950423.0, 19950510.0, 0.0, 0.0, 0.0, 1.0]
[19950607.0, 19950510.0, 0.0, 0.0, 0.0, 0.0]
[19950424.0, 19950510.0, 0.0, 0.0, 1.0, 0.0]
[19950407.0, 19950424.0, 0.0, 0.0, 0.0, 1.0]
[19950406.0, 19950423.0, 0.0, 0.0, 0.0, 1.0]
[19950406.0, 19950309.0, 0.0, 0.0, 0.0, 0.0]
[19950405.0, 19950422.0, 0.0, 0.0, 0.0, 1.0]
[19950405.0, 19950308.0, 0.0, 0.0, 0.0, 0.0]
[19950404.0, 19950421.0, 0.0, 0.0, 0.0, 1.0]
[19950404.0, 19950307.0, 0.0, 0.0, 0.0, 0.0]
[19950403.0, 19950420.0, 0.0, 0.0, 0.0, 1.0]
[19950403.0, 19950306.0, 0.0, 0.0, 0.0, 0.0]
[19950402.0, 19950419.0, 0.0, 0.0, 0.0, 1.0]
[19950402.0, 19950305.0, 0.0, 0.0, 0.0, 0.0]
[19950401.0, 19950418.0, 0.0, 0.0, 0.0, 1.0]
[19950401.0, 19950304.0, 0.0, 0.0, 0.0, 0.0]
[19950331.0, 19950417.0, 0.0, 0.0, 0.0, 1.0]
[19950331.0, 19950303.0, 0.0, 0.0, 0.0, 0.0]
[19950330.0, 19950416.0, 0.0, 0.0, 0.0, 1.0]
[19950330.0, 19950302.0, 0.0, 0.0, 0.0, 0.0]
[19950329.0, 19950415.0, 0.0, 0.0, 0.0, 1.0]
[19950329.0, 19950301.0, 0.0, 0.0, 0.0, 0.0]
[19950408.0, 19950425.0, 0.0, 0.0, 0.0, 1.0]
[19950524.0, 19950425.0, 0.0, 0.0, 0.0, 0.0]
[19950409.0, 19950426.0, 0.0, 0.0, 0.0, 1.0]
[19950525.0, 19950426.0, 0.0, 0.0, 0.0, 0.0]