selection file, result

1

[19950227.0, 19950331, 1.0]
[19950301.0, 19950402, 1.0]
[19950302.0, 19950403, 1.0]
[19950225.0, 19950329, 1.0]
[19950223.0, 19950327, 1.0]
[19950221.0, 19950325, 1.0]
[19950219.0, 19950323, 1.0]
[19950216.0, 19950321, 1.0]
[19950214.0, 19950319, 1.0]
[19950211.0, 19950316, 1.0]
[19950226.0, 19950330, 1.0]

2

[19950227.0, 19950331, 1.0]
[19950301.0, 19950402, 1.0]
[19950302.0, 19950403, 1.0]
[19950225.0, 19950329, 1.0]
[19950223.0, 19950327, 1.0]
[19950221.0, 19950325, 1.0]
[19950219.0, 19950323, 1.0]
[19950216.0, 19950321, 1.0]
[19950214.0, 19950319, 1.0]
[19950211.0, 19950316, 1.0]
[19950226.0, 19950330, 1.0]

3

[19950227.0, 19950331, 1.0]
[19950301.0, 19950402, 1.0]
[19950302.0, 19950403, 1.0]
[19950225.0, 19950329, 1.0]
[19950223.0, 19950327, 1.0]
[19950221.0, 19950325, 1.0]
[19950219.0, 19950323, 1.0]
[19950216.0, 19950321, 1.0]
[19950214.0, 19950319, 1.0]
[19950211.0, 19950316, 1.0]
[19950226.0, 19950330, 1.0]

4

[19950227.0, 19950331, 1.0]
[19950301.0, 19950402, 1.0]
[19950302.0, 19950403, 1.0]
[19950225.0, 19950329, 1.0]
[19950223.0, 19950327, 1.0]
[19950221.0, 19950325, 1.0]
[19950219.0, 19950323, 1.0]
[19950216.0, 19950321, 1.0]
[19950214.0, 19950319, 1.0]
[19950211.0, 19950316, 1.0]
[19950226.0, 19950330, 1.0]

5

[19950227.0, 19950331, 1.0]
[19950301.0, 19950402, 1.0]
[19950302.0, 19950403, 1.0]
[19950225.0, 19950329, 1.0]
[19950223.0, 19950327, 1.0]
[19950221.0, 19950325, 1.0]
[19950219.0, 19950323, 1.0]
[19950216.0, 19950321, 1.0]
[19950214.0, 19950319, 1.0]
[19950211.0, 19950316, 1.0]
[19950226.0, 19950330, 1.0]

6

[19950227.0, 19950331, 1.0]
[19950301.0, 19950402, 1.0]
[19950302.0, 19950403, 1.0]
[19950225.0, 19950329, 1.0]
[19950223.0, 19950327, 1.0]
[19950221.0, 19950325, 1.0]
[19950219.0, 19950323, 1.0]
[19950216.0, 19950321, 1.0]
[19950214.0, 19950319, 1.0]
[19950211.0, 19950316, 1.0]
[19950226.0, 19950330, 1.0]

7

[19950227.0, 19950331, 1.0]
[19950301.0, 19950402, 1.0]
[19950302.0, 19950403, 1.0]
[19950225.0, 19950329, 1.0]
[19950223.0, 19950327, 1.0]
[19950221.0, 19950325, 1.0]
[19950219.0, 19950323, 1.0]
[19950216.0, 19950321, 1.0]
[19950214.0, 19950319, 1.0]
[19950211.0, 19950316, 1.0]
[19950226.0, 19950330, 1.0]

8

[19950227.0, 19950331, 1.0]
[19950301.0, 19950402, 1.0]
[19950302.0, 19950403, 1.0]
[19950225.0, 19950329, 1.0]
[19950223.0, 19950327, 1.0]
[19950221.0, 19950325, 1.0]
[19950219.0, 19950323, 1.0]
[19950216.0, 19950321, 1.0]
[19950214.0, 19950319, 1.0]
[19950211.0, 19950316, 1.0]
[19950226.0, 19950330, 1.0]
