selection file, result

50

[100, 3.0, 1.0, 0.0]
[100, 0.0, 0.0, 1.0]
[96, 1.0, 0.0, 1.0]
[38, 1.0, 0.0, 0.0]
[61, 2.0, 0.0, 1.0]
[47, 3.0, 0.0, 1.0]
[72, 0.0, 0.0, 0.0]

100

[100, 3.0, 1.0, 0.0]
[100, 0.0, 0.0, 1.0]
[96, 1.0, 0.0, 1.0]
[38, 1.0, 0.0, 0.0]
[61, 2.0, 0.0, 1.0]
[47, 3.0, 0.0, 1.0]
[72, 0.0, 0.0, 0.0]

150

[100, 3.0, 1.0, 0.0]
[100, 0.0, 0.0, 1.0]
[96, 1.0, 0.0, 1.0]
[38, 1.0, 0.0, 0.0]
[61, 2.0, 0.0, 1.0]
[47, 3.0, 0.0, 1.0]
[72, 0.0, 0.0, 0.0]

200

[100, 3.0, 1.0, 1.0]
[100, 0.0, 0.0, 1.0]
[96, 1.0, 0.0, 1.0]
[38, 1.0, 0.0, 0.0]
[61, 2.0, 0.0, 1.0]
[47, 3.0, 0.0, 1.0]
[72, 0.0, 0.0, 0.0]
[100, 2.0, 1.0, 0.0]
[81, 3.0, 1.0, 0.0]

250

[100, 3.0, 1.0, 1.0]
[100, 0.0, 0.0, 1.0]
[96, 1.0, 0.0, 1.0]
[38, 1.0, 0.0, 0.0]
[61, 2.0, 0.0, 1.0]
[47, 3.0, 0.0, 1.0]
[72, 0.0, 0.0, 0.0]
[100, 2.0, 1.0, 0.0]
[59, 3.0, 1.0, 0.0]

300

[100, 2.0, 1.0, 0.0]
[83, 3.0, 1.0, 1.0]
[40, 3.0, 0.0, 1.0]
[40, 3.0, 1.0, 0.0]
[100, 0.0, 0.0, 1.0]
[96, 1.0, 0.0, 1.0]
[38, 1.0, 0.0, 0.0]
[61, 2.0, 0.0, 1.0]
[72, 0.0, 0.0, 0.0]
