selection file, result

1

[100, 3.0, 0.0, 1.0]
[100, 3.0, 1.0, 0.0]
[100, 2.0, 0.0, 0.0]
[58, 3.0, 0.0, 0.0]

2

[100, 3.0, 0.0, 1.0]
[100, 3.0, 1.0, 0.0]
[100, 2.0, 0.0, 0.0]
[58, 3.0, 0.0, 0.0]

3

[100, 3.0, 0.0, 1.0]
[100, 3.0, 1.0, 0.0]
[100, 1.0, 0.0, 0.0]
[98, 2.0, 0.0, 0.0]
[58, 3.0, 0.0, 0.0]

4

[100, 3.0, 1.0, 1.0]
[100, 2.0, 0.0, 1.0]
[92, 3.0, 0.0, 1.0]
[36, 3.0, 0.0, 0.0]
[100, 1.0, 0.0, 0.0]
[82, 2.0, 0.0, 0.0]
[100, 2.0, 1.0, 0.0]
[92, 3.0, 1.0, 0.0]

5

[100, 3.0, 1.0, 1.0]
[100, 2.0, 0.0, 1.0]
[81, 3.0, 0.0, 1.0]
[8, 3.0, 0.0, 0.0]
[100, 1.0, 0.0, 0.0]
[71, 2.0, 0.0, 0.0]
[100, 2.0, 1.0, 0.0]
[81, 3.0, 1.0, 0.0]

6

[100, 3.0, 1.0, 1.0]
[100, 2.0, 0.0, 1.0]
[71, 3.0, 0.0, 1.0]
[100, 1.0, 0.0, 0.0]
[59, 2.0, 0.0, 0.0]
[100, 2.0, 1.0, 0.0]
[71, 3.0, 1.0, 0.0]
