selection file, result

1



2

[100, 3.0, 0.0, 1.0]
[100, 3.0, 1.0, 0.0]
[100, 1.0, 0.0, 0.0]
[98, 2.0, 0.0, 0.0]
[58, 3.0, 0.0, 0.0]

3

[150, 3.0, 1.0, 1.0]
[150, 2.0, 0.0, 1.0]
[123, 3.0, 0.0, 1.0]
[58, 3.0, 0.0, 0.0]
[150, 0.0, 0.0, 0.0]
[136, 1.0, 0.0, 0.0]
[98, 2.0, 0.0, 0.0]
[150, 2.0, 1.0, 0.0]
[101, 3.0, 1.0, 0.0]

4

[200, 1.0, 1.0, 1.0]
[184, 2.0, 1.0, 1.0]
[164, 2.0, 0.0, 1.0]
[98, 2.0, 0.0, 0.0]
[161, 2.0, 1.0, 0.0]
[155, 3.0, 1.0, 1.0]
[123, 3.0, 0.0, 1.0]
[58, 3.0, 0.0, 0.0]
[101, 3.0, 1.0, 0.0]
[198, 0.0, 0.0, 1.0]
[184, 1.0, 0.0, 1.0]
[136, 1.0, 0.0, 0.0]
[162, 0.0, 0.0, 0.0]
[184, 0.0, 1.0, 0.0]
[178, 1.0, 1.0, 0.0]

5

[219, 0.0, 1.0, 1.0]
[200, 1.0, 1.0, 1.0]
[184, 1.0, 0.0, 1.0]
[136, 1.0, 0.0, 0.0]
[178, 1.0, 1.0, 0.0]
[184, 2.0, 1.0, 1.0]
[164, 2.0, 0.0, 1.0]
[98, 2.0, 0.0, 0.0]
[161, 2.0, 1.0, 0.0]
[155, 3.0, 1.0, 1.0]
[123, 3.0, 0.0, 1.0]
[58, 3.0, 0.0, 0.0]
[101, 3.0, 1.0, 0.0]
[198, 0.0, 0.0, 1.0]
[162, 0.0, 0.0, 0.0]
[184, 0.0, 1.0, 0.0]

6

[219, 0.0, 1.0, 1.0]
[200, 1.0, 1.0, 1.0]
[184, 1.0, 0.0, 1.0]
[136, 1.0, 0.0, 0.0]
[178, 1.0, 1.0, 0.0]
[184, 2.0, 1.0, 1.0]
[164, 2.0, 0.0, 1.0]
[98, 2.0, 0.0, 0.0]
[161, 2.0, 1.0, 0.0]
[155, 3.0, 1.0, 1.0]
[123, 3.0, 0.0, 1.0]
[58, 3.0, 0.0, 0.0]
[101, 3.0, 1.0, 0.0]
[198, 0.0, 0.0, 1.0]
[162, 0.0, 0.0, 0.0]
[184, 0.0, 1.0, 0.0]

7

[219, 0.0, 1.0, 1.0]
[200, 1.0, 1.0, 1.0]
[184, 1.0, 0.0, 1.0]
[136, 1.0, 0.0, 0.0]
[178, 1.0, 1.0, 0.0]
[184, 2.0, 1.0, 1.0]
[164, 2.0, 0.0, 1.0]
[98, 2.0, 0.0, 0.0]
[161, 2.0, 1.0, 0.0]
[155, 3.0, 1.0, 1.0]
[123, 3.0, 0.0, 1.0]
[58, 3.0, 0.0, 0.0]
[101, 3.0, 1.0, 0.0]
[198, 0.0, 0.0, 1.0]
[162, 0.0, 0.0, 0.0]
[184, 0.0, 1.0, 0.0]

8

[219, 0.0, 1.0, 1.0]
[200, 1.0, 1.0, 1.0]
[184, 1.0, 0.0, 1.0]
[136, 1.0, 0.0, 0.0]
[178, 1.0, 1.0, 0.0]
[184, 2.0, 1.0, 1.0]
[164, 2.0, 0.0, 1.0]
[98, 2.0, 0.0, 0.0]
[161, 2.0, 1.0, 0.0]
[155, 3.0, 1.0, 1.0]
[123, 3.0, 0.0, 1.0]
[58, 3.0, 0.0, 0.0]
[101, 3.0, 1.0, 0.0]
[198, 0.0, 0.0, 1.0]
[162, 0.0, 0.0, 0.0]
[184, 0.0, 1.0, 0.0]
