selection file, result

1

[200, 347.1233323042724, 200, 400]
[171.4555369778684, 400.0, 200, 400.0]
[171.74503970715847, 400.0, 200, 400.06929841605614]
[171.74503970715847, 400.0, 201.37027904791768, 400.0]
[200.0, 400.0, 200, 380.18621440431593]
[200.0, 400.0, 210.25977612612368, 400.0]
[200.0, 400.0, 209.09768649672432, 400.06929841605614]
[200.0, 400.0, 207.94713643454187, 400.9330089991755]
[200.0, 400.0, 203.7087194319216, 397.8924303155371]
[200.0, 400.0, 202.15545553964495, 397.1338543090925]
[200.0, 400.0, 201.7032992828548, 396.28880905076113]

2

[200, 339.6233476224686, 200, 400]
[238.2306017789033, 400.0, 200, 400.0]
[236.57043094435411, 400.0, 200, 400.06929841605614]
[236.57043094435411, 400.0, 201.37027904791768, 400.0]
[236.47213134334973, 400.0, 200, 400.9330089991755]
[236.47213134334973, 400.0, 202.15545553964495, 400.0]
[236.47213134334973, 400.0, 201.7032992828548, 400.06929841605614]
[200.41279187643437, 400.0, 200, 369.2610072905025]
[200.41279187643437, 400.0, 208.36131926703013, 400.0]
[200.41279187643437, 400.0, 208.1490453838659, 400.06929841605614]
[200.41279187643437, 400.0, 205.37513870987087, 400.9330089991755]
[200.41279187643437, 400.0, 203.7087194319216, 396.28880905076113]
[200.41279187643437, 400.0, 202.15545553964495, 380.1656960044862]
[200.41279187643437, 400.0, 201.37027904791768, 372.71016658394547]
[200.0, 400.0, 200, 368.9388173968793]
[200.0, 400.0, 217.67477542354047, 400.0]
[200.0, 400.0, 215.4206894093791, 400.06929841605614]
[200.0, 400.0, 209.94056256295332, 400.9330089991755]
[200.0, 400.0, 209.09768649672432, 402.5977878176024]
[200.0, 400.0, 208.86651841557855, 385.55276166631086]
[200.0, 400.0, 207.94713643454187, 380.4804537670875]
[200.0, 400.0, 203.7087194319216, 380.1066556182876]
[200.0, 400.0, 202.15545553964495, 377.25076482918246]
[200.0, 400.0, 201.7032992828548, 377.1383306468341]

3

[200, 271.82629868932764, 200, 400]
[200.41279187643437, 271.9618117621012, 200, 400]
[200.0, 271.9618117621012, 200, 400.06929841605614]
[200.0, 271.9618117621012, 198.26555648159336, 400.0]
[200.43627467932689, 339.6233476224686, 200, 400]
[200.41279187643437, 339.6233476224686, 200, 400.06929841605614]
[200.0, 339.6233476224686, 200, 402.5977878176024]
[200.0, 339.6233476224686, 198.16258545857323, 400.0]
[200.0, 339.6233476224686, 198.26555648159336, 400.06929841605614]
[251.0810051044666, 400.0, 200, 400.0]
[175.640601077526, 400.0, 200, 373.11046657568073]
[175.640601077526, 400.0, 203.7087194319216, 400.0]
[175.640601077526, 400.0, 202.15545553964495, 400.06929841605614]
[175.640601077526, 400.0, 201.7032992828548, 400.9330089991755]
[175.640601077526, 400.0, 201.49270164535537, 396.28880905076113]
[175.640601077526, 400.0, 201.37027904791768, 377.1383306468341]
[200.43627467932689, 400.0, 200, 368.9388173968793]
[200.43627467932689, 400.0, 209.94056256295332, 400.0]
[200.43627467932689, 400.0, 209.09768649672432, 400.06929841605614]
[200.43627467932689, 400.0, 208.86651841557855, 400.9330089991755]
[200.43627467932689, 400.0, 208.1490453838659, 396.28880905076113]
[200.43627467932689, 400.0, 205.37513870987087, 380.4804537670875]
[200.43627467932689, 400.0, 203.7087194319216, 380.1066556182876]
[200.43627467932689, 400.0, 202.15545553964495, 377.25076482918246]
[200.43627467932689, 400.0, 201.7032992828548, 377.1383306468341]
[200.43627467932689, 400.0, 201.37027904791768, 372.71016658394547]
[200.41279187643437, 400.0, 200, 366.7879571518404]
[200.0, 400.0, 200, 366.48833131181925]
[200.0, 400.0, 225.16559477585616, 400.0]
[200.0, 400.0, 225.15592476433713, 400.06929841605614]
[200.0, 400.0, 217.67477542354047, 400.9330089991755]
[200.0, 400.0, 215.4206894093791, 402.5977878176024]
[200.0, 400.0, 209.94056256295332, 385.55276166631086]
[200.0, 400.0, 209.09768649672432, 380.4804537670875]
[200.0, 400.0, 208.86651841557855, 380.1066556182876]
[200.0, 400.0, 207.94713643454187, 377.25076482918246]
[200.0, 400.0, 203.7087194319216, 377.1383306468341]
[200.0, 400.0, 202.15545553964495, 366.9046824375087]
[200.0, 400.0, 201.7032992828548, 366.7879571518404]

4

[200, 260.4122020141574, 200, 400]
[273.66520821956965, 400.0, 200, 400]
[200.0, 400.0, 200, 363.3187360085474]
[200.0, 400.0, 225.16559477585616, 400.0]
[200.0, 400.0, 223.73065064386245, 400.06929841605614]
[200.0, 400.0, 223.47922345485347, 400.9330089991755]
[200.0, 400.0, 223.34989009674555, 396.28880905076113]
[200.0, 400.0, 223.16107696125508, 380.4804537670875]
[200.0, 400.0, 209.94056256295332, 380.18621440431593]
[200.0, 400.0, 208.58077498807725, 377.1383306468341]
[200.0, 400.0, 208.36131926703013, 373.51366816117377]
[200.0, 400.0, 203.7087194319216, 367.4855227090262]
[200.0, 400.0, 202.9211520385156, 366.48833131181925]
[200.0, 400.0, 202.15545553964495, 365.60868189729024]
[200.0, 400.0, 201.7032992828548, 364.11463150928256]
[200.0, 400.0, 201.49270164535537, 363.5892580110103]

5

[200, 256.1739358929236, 200, 400]
[272.54299295513994, 400.0, 200, 400]
[200.0, 400.0, 200, 348.84857434481165]
[200.0, 400.0, 233.51994412962136, 400.0]
[200.0, 400.0, 226.29743506728147, 400.06929841605614]
[200.0, 400.0, 225.92421140259256, 400.9330089991755]
[200.0, 400.0, 225.16559477585616, 396.28880905076113]
[200.0, 400.0, 223.73065064386245, 380.4804537670875]
[200.0, 400.0, 223.47922345485347, 380.18621440431593]
[200.0, 400.0, 223.34989009674555, 377.1383306468341]
[200.0, 400.0, 223.16107696125508, 373.51366816117377]
[200.0, 400.0, 209.94056256295332, 367.4855227090262]
[200.0, 400.0, 208.58077498807725, 366.48833131181925]
[200.0, 400.0, 208.36131926703013, 365.60868189729024]
[200.0, 400.0, 203.7087194319216, 364.11463150928256]
[200.0, 400.0, 202.9211520385156, 363.5892580110103]
[200.0, 400.0, 202.15545553964495, 363.3187360085474]
[200.0, 400.0, 201.7032992828548, 349.6150968734983]
[200.0, 400.0, 201.49270164535537, 348.8636190416523]

6

[200, 250.32305941264664, 200, 400]
[275.44488533273324, 400.0, 200, 400]
[200.0, 400.0, 200, 222.62487109491047]
[200.0, 400.0, 234.9935863500492, 400.0]
[200.0, 400.0, 234.67700704593165, 400.06929841605614]
[200.0, 400.0, 233.51994412962136, 400.28607913670686]
[200.0, 400.0, 226.29743506728147, 400.9330089991755]
[200.0, 400.0, 225.92421140259256, 380.4804537670875]
[200.0, 400.0, 225.16559477585616, 380.18621440431593]
[200.0, 400.0, 223.73065064386245, 377.1383306468341]
[200.0, 400.0, 223.47922345485347, 373.51366816117377]
[200.0, 400.0, 223.34989009674555, 367.4855227090262]
[200.0, 400.0, 223.16107696125508, 366.48833131181925]
[200.0, 400.0, 209.94056256295332, 365.60868189729024]
[200.0, 400.0, 208.58077498807725, 364.11463150928256]
[200.0, 400.0, 208.36131926703013, 363.5892580110103]
[200.0, 400.0, 203.7087194319216, 363.3187360085474]
[200.0, 400.0, 202.9211520385156, 348.8636190416523]
[200.0, 400.0, 202.15545553964495, 348.51529410998063]
[200.0, 400.0, 201.7032992828548, 345.9928703490377]
[200.0, 400.0, 201.49270164535537, 222.6841192075495]

7

[200, 241.15806246284689, 200, 400]
[200.41279187643437, 242.6258646190208, 200, 400]
[200.0, 242.6258646190208, 200, 400.06929841605614]
[200.0, 242.6258646190208, 198.26555648159336, 400.0]
[275.44488533273324, 400.0, 200, 400.0]
[246.2537553703341, 400.0, 200, 217.889416052694]
[246.2537553703341, 400.0, 201.49270164535537, 220.67447750582792]
[200.0, 400.0, 200, 207.939175828984]
[200.0, 400.0, 225.92421140259256, 400.0]
[200.0, 400.0, 225.16559477585616, 400.06929841605614]
[200.0, 400.0, 225.15592476433713, 400.9330089991755]
[200.0, 400.0, 224.65243764477367, 396.28880905076113]
[200.0, 400.0, 223.47922345485347, 377.1383306468341]
[200.0, 400.0, 223.34989009674555, 372.98468262864554]
[200.0, 400.0, 223.16107696125508, 367.4855227090262]
[200.0, 400.0, 219.97402746861948, 366.2443780693295]
[200.0, 400.0, 209.94056256295332, 364.9592535478755]
[200.0, 400.0, 208.58077498807725, 364.7351131431085]
[200.0, 400.0, 208.36131926703013, 364.11463150928256]
[200.0, 400.0, 208.1490453838659, 363.5892580110103]
[200.0, 400.0, 203.7087194319216, 363.3187360085474]
[200.0, 400.0, 202.15545553964495, 349.93374835022087]
[200.0, 400.0, 201.7032992828548, 349.6150968734983]
[200.0, 400.0, 201.49270164535537, 217.889416052694]
[200.0, 400.0, 201.37027904791768, 216.75443398608795]
