selection file, result

1

[19940101, 19950101.0, 1.0, 0.0]
[19940101, 19950101.0, 0.0, 1.0]
[19940318, 19941017.0, 1.0, 1.0]
[19940317, 19941016.0, 1.0, 1.0]
[19940316, 19941015.0, 1.0, 1.0]
[19940315, 19941014.0, 1.0, 1.0]
[19940314, 19941013.0, 1.0, 1.0]
[19940313, 19941012.0, 1.0, 1.0]
[19940311, 19941010.0, 1.0, 1.0]
[19940310, 19941009.0, 1.0, 1.0]
[19940309, 19941008.0, 1.0, 1.0]
[19940308, 19941007.0, 1.0, 1.0]
[19940307, 19941006.0, 1.0, 1.0]
[19940306, 19941005.0, 1.0, 1.0]
[19940305, 19941004.0, 1.0, 1.0]
[19940304, 19941003.0, 1.0, 1.0]
[19940303, 19941002.0, 1.0, 1.0]
[19940302, 19941001.0, 1.0, 1.0]
[19940228, 19940929.0, 1.0, 1.0]
[19940227, 19940928.0, 1.0, 1.0]
[19940226, 19940927.0, 1.0, 1.0]
[19940225, 19940926.0, 1.0, 1.0]
[19940224, 19940925.0, 1.0, 1.0]
[19940223, 19940924.0, 1.0, 1.0]
[19940222, 19940923.0, 1.0, 1.0]
[19940221, 19940922.0, 1.0, 1.0]
[19940220, 19940921.0, 1.0, 1.0]
[19940219, 19940920.0, 1.0, 1.0]
[19940218, 19940919.0, 1.0, 1.0]
[19940217, 19940918.0, 1.0, 1.0]
[19940216, 19940917.0, 1.0, 1.0]
[19940215, 19940916.0, 1.0, 1.0]
[19940214, 19940915.0, 1.0, 1.0]
[19940213, 19940914.0, 1.0, 1.0]
[19940212, 19940913.0, 1.0, 1.0]
[19940211, 19940912.0, 1.0, 1.0]
[19940210, 19940911.0, 1.0, 1.0]
[19940209, 19940910.0, 1.0, 1.0]
[19940208, 19940909.0, 1.0, 1.0]
[19940207, 19940908.0, 1.0, 1.0]
[19940206, 19940907.0, 1.0, 1.0]
[19940205, 19940906.0, 1.0, 1.0]
[19940204, 19940905.0, 1.0, 1.0]
[19940203, 19940904.0, 1.0, 1.0]
[19940202, 19940903.0, 1.0, 1.0]
[19940132, 19940902.0, 1.0, 1.0]
[19940131, 19940901.0, 1.0, 1.0]
[19940129, 19940830.0, 1.0, 1.0]
[19940128, 19940829.0, 1.0, 1.0]
[19940127, 19940828.0, 1.0, 1.0]
[19940126, 19940827.0, 1.0, 1.0]
[19940125, 19940826.0, 1.0, 1.0]
[19940124, 19940825.0, 1.0, 1.0]
[19940123, 19940824.0, 1.0, 1.0]
[19940122, 19940823.0, 1.0, 1.0]
[19940121, 19940822.0, 1.0, 1.0]
[19940120, 19940821.0, 1.0, 1.0]
[19940119, 19940820.0, 1.0, 1.0]
[19940118, 19940819.0, 1.0, 1.0]
[19940117, 19940818.0, 1.0, 1.0]
[19940115, 19940817.0, 1.0, 1.0]
[19940114, 19940816.0, 1.0, 1.0]
[19940113, 19940815.0, 1.0, 1.0]
[19940112, 19940814.0, 1.0, 1.0]
[19940111, 19940813.0, 1.0, 1.0]
[19940110, 19940812.0, 1.0, 1.0]
[19940109, 19940811.0, 1.0, 1.0]
[19940108, 19940810.0, 1.0, 1.0]
[19940107, 19940809.0, 1.0, 1.0]
[19940106, 19940808.0, 1.0, 1.0]
[19940105, 19940807.0, 1.0, 1.0]
[19940104, 19940806.0, 1.0, 1.0]
[19940103, 19940805.0, 1.0, 1.0]
[19940102, 19940804.0, 1.0, 1.0]
[19940101, 19940803.0, 1.0, 1.0]
[19940319.0, 19941018.0, 1.0, 1.0]
[19940320.0, 19941019.0, 1.0, 1.0]
[19940321.0, 19941020.0, 1.0, 1.0]
[19940322.0, 19941021.0, 1.0, 1.0]
[19940323.0, 19941022.0, 1.0, 1.0]
[19940324.0, 19941023.0, 1.0, 1.0]
[19940325.0, 19941024.0, 1.0, 1.0]
[19940326.0, 19941025.0, 1.0, 1.0]
[19940327.0, 19941026.0, 1.0, 1.0]
[19940328.0, 19941027.0, 1.0, 1.0]
[19940329.0, 19941028.0, 1.0, 1.0]
[19940330.0, 19941029.0, 1.0, 1.0]
[19940331.0, 19941030.0, 1.0, 1.0]
[19940402.0, 19941101.0, 1.0, 1.0]
[19940403.0, 19941102.0, 1.0, 1.0]
[19940404.0, 19941103.0, 1.0, 1.0]
[19940405.0, 19941104.0, 1.0, 1.0]
[19940406.0, 19941105.0, 1.0, 1.0]
[19940407.0, 19941106.0, 1.0, 1.0]
[19940408.0, 19941107.0, 1.0, 1.0]
[19940409.0, 19941108.0, 1.0, 1.0]
[19940410.0, 19941109.0, 1.0, 1.0]
[19940411.0, 19941110.0, 1.0, 1.0]
[19940412.0, 19941111.0, 1.0, 1.0]
[19940413.0, 19941112.0, 1.0, 1.0]
[19940414.0, 19941113.0, 1.0, 1.0]
[19940415.0, 19941114.0, 1.0, 1.0]
[19940416.0, 19941115.0, 1.0, 1.0]
[19940417.0, 19941116.0, 1.0, 1.0]
[19940418.0, 19941117.0, 1.0, 1.0]
[19940419.0, 19941118.0, 1.0, 1.0]
[19940420.0, 19941119.0, 1.0, 1.0]
[19940421.0, 19941120.0, 1.0, 1.0]
[19940422.0, 19941121.0, 1.0, 1.0]
[19940423.0, 19941122.0, 1.0, 1.0]
[19940424.0, 19941123.0, 1.0, 1.0]
[19940425.0, 19941124.0, 1.0, 1.0]
[19940426.0, 19941125.0, 1.0, 1.0]
[19940427.0, 19941126.0, 1.0, 1.0]
[19940428.0, 19941127.0, 1.0, 1.0]
[19940429.0, 19941128.0, 1.0, 1.0]
[19940430.0, 19941129.0, 1.0, 1.0]
[19940502.0, 19941201.0, 1.0, 1.0]
[19940503.0, 19941202.0, 1.0, 1.0]
[19940504.0, 19941203.0, 1.0, 1.0]
[19940505.0, 19941204.0, 1.0, 1.0]
[19940506.0, 19941205.0, 1.0, 1.0]
[19940507.0, 19941206.0, 1.0, 1.0]
[19940508.0, 19941207.0, 1.0, 1.0]
[19940509.0, 19941208.0, 1.0, 1.0]
[19940510.0, 19941209.0, 1.0, 1.0]
[19940511.0, 19941210.0, 1.0, 1.0]
[19940512.0, 19941211.0, 1.0, 1.0]
[19940513.0, 19941212.0, 1.0, 1.0]
[19940514.0, 19941213.0, 1.0, 1.0]
[19940515.0, 19941214.0, 1.0, 1.0]
[19940516.0, 19941215.0, 1.0, 1.0]
[19940517.0, 19941216.0, 1.0, 1.0]
[19940518.0, 19941217.0, 1.0, 1.0]
[19940519.0, 19941218.0, 1.0, 1.0]
[19940520.0, 19941219.0, 1.0, 1.0]
[19940521.0, 19941220.0, 1.0, 1.0]
[19940522.0, 19941221.0, 1.0, 1.0]
[19940523.0, 19941222.0, 1.0, 1.0]
[19940524.0, 19941223.0, 1.0, 1.0]
[19940525.0, 19941224.0, 1.0, 1.0]
[19940526.0, 19941225.0, 1.0, 1.0]
[19940527.0, 19941226.0, 1.0, 1.0]
[19940528.0, 19941227.0, 1.0, 1.0]
[19940529.0, 19941228.0, 1.0, 1.0]
[19940530.0, 19941229.0, 1.0, 1.0]
[19940531.0, 19941230.0, 1.0, 1.0]
[19940602.0, 19950101.0, 1.0, 1.0]

2

[19940101, 19950101.0, 1.0, 0.0]
[19940101, 19950101.0, 0.0, 1.0]
[19940312, 19941023.0, 1.0, 1.0]
[19940311, 19941021.0, 1.0, 1.0]
[19940310, 19941020.0, 1.0, 1.0]
[19940309, 19941019.0, 1.0, 1.0]
[19940308, 19941018.0, 1.0, 1.0]
[19940307, 19941017.0, 1.0, 1.0]
[19940306, 19941016.0, 1.0, 1.0]
[19940304, 19941015.0, 1.0, 1.0]
[19940303, 19941013.0, 1.0, 1.0]
[19940302, 19941012.0, 1.0, 1.0]
[19940229, 19941011.0, 1.0, 1.0]
[19940228, 19941010.0, 1.0, 1.0]
[19940227, 19941009.0, 1.0, 1.0]
[19940226, 19941008.0, 1.0, 1.0]
[19940225, 19941007.0, 1.0, 1.0]
[19940224, 19941006.0, 1.0, 1.0]
[19940223, 19941005.0, 1.0, 1.0]
[19940222, 19941004.0, 1.0, 1.0]
[19940221, 19941003.0, 1.0, 1.0]
[19940219, 19941002.0, 1.0, 1.0]
[19940218, 19941001.0, 1.0, 1.0]
[19940216, 19940929.0, 1.0, 1.0]
[19940215, 19940928.0, 1.0, 1.0]
[19940214, 19940927.0, 1.0, 1.0]
[19940213, 19940926.0, 1.0, 1.0]
[19940212, 19940925.0, 1.0, 1.0]
[19940211, 19940924.0, 1.0, 1.0]
[19940210, 19940923.0, 1.0, 1.0]
[19940209, 19940922.0, 1.0, 1.0]
[19940208, 19940921.0, 1.0, 1.0]
[19940207, 19940920.0, 1.0, 1.0]
[19940206, 19940919.0, 1.0, 1.0]
[19940205, 19940918.0, 1.0, 1.0]
[19940204, 19940917.0, 1.0, 1.0]
[19940203, 19940916.0, 1.0, 1.0]
[19940202, 19940915.0, 1.0, 1.0]
[19940132, 19940914.0, 1.0, 1.0]
[19940131, 19940913.0, 1.0, 1.0]
[19940130, 19940912.0, 1.0, 1.0]
[19940129, 19940911.0, 1.0, 1.0]
[19940128, 19940910.0, 1.0, 1.0]
[19940127, 19940909.0, 1.0, 1.0]
[19940125, 19940907.0, 1.0, 1.0]
[19940124, 19940906.0, 1.0, 1.0]
[19940123, 19940905.0, 1.0, 1.0]
[19940122, 19940904.0, 1.0, 1.0]
[19940121, 19940903.0, 1.0, 1.0]
[19940120, 19940902.0, 1.0, 1.0]
[19940119, 19940901.0, 1.0, 1.0]
[19940117, 19940830.0, 1.0, 1.0]
[19940116, 19940829.0, 1.0, 1.0]
[19940115, 19940828.0, 1.0, 1.0]
[19940114, 19940827.0, 1.0, 1.0]
[19940113, 19940826.0, 1.0, 1.0]
[19940112, 19940825.0, 1.0, 1.0]
[19940111, 19940824.0, 1.0, 1.0]
[19940110, 19940823.0, 1.0, 1.0]
[19940109, 19940822.0, 1.0, 1.0]
[19940108, 19940821.0, 1.0, 1.0]
[19940107, 19940820.0, 1.0, 1.0]
[19940106, 19940819.0, 1.0, 1.0]
[19940105, 19940818.0, 1.0, 1.0]
[19940104, 19940817.0, 1.0, 1.0]
[19940103, 19940816.0, 1.0, 1.0]
[19940102, 19940815.0, 1.0, 1.0]
[19940101, 19940814.0, 1.0, 1.0]
[19940313.0, 19941024.0, 1.0, 1.0]
[19940314.0, 19941025.0, 1.0, 1.0]
[19940315.0, 19941026.0, 1.0, 1.0]
[19940316.0, 19941027.0, 1.0, 1.0]
[19940317.0, 19941028.0, 1.0, 1.0]
[19940318.0, 19941029.0, 1.0, 1.0]
[19940319.0, 19941030.0, 1.0, 1.0]
[19940321.0, 19941101.0, 1.0, 1.0]
[19940322.0, 19941102.0, 1.0, 1.0]
[19940323.0, 19941103.0, 1.0, 1.0]
[19940324.0, 19941104.0, 1.0, 1.0]
[19940325.0, 19941105.0, 1.0, 1.0]
[19940326.0, 19941106.0, 1.0, 1.0]
[19940327.0, 19941107.0, 1.0, 1.0]
[19940328.0, 19941108.0, 1.0, 1.0]
[19940329.0, 19941109.0, 1.0, 1.0]
[19940330.0, 19941110.0, 1.0, 1.0]
[19940331.0, 19941111.0, 1.0, 1.0]
[19940332.0, 19941112.0, 1.0, 1.0]
[19940402.0, 19941113.0, 1.0, 1.0]
[19940403.0, 19941114.0, 1.0, 1.0]
[19940404.0, 19941115.0, 1.0, 1.0]
[19940405.0, 19941116.0, 1.0, 1.0]
[19940406.0, 19941117.0, 1.0, 1.0]
[19940407.0, 19941118.0, 1.0, 1.0]
[19940408.0, 19941119.0, 1.0, 1.0]
[19940409.0, 19941120.0, 1.0, 1.0]
[19940410.0, 19941121.0, 1.0, 1.0]
[19940411.0, 19941122.0, 1.0, 1.0]
[19940412.0, 19941123.0, 1.0, 1.0]
[19940413.0, 19941124.0, 1.0, 1.0]
[19940414.0, 19941125.0, 1.0, 1.0]
[19940415.0, 19941126.0, 1.0, 1.0]
[19940416.0, 19941127.0, 1.0, 1.0]
[19940417.0, 19941128.0, 1.0, 1.0]
[19940418.0, 19941129.0, 1.0, 1.0]
[19940420.0, 19941201.0, 1.0, 1.0]
[19940421.0, 19941202.0, 1.0, 1.0]
[19940422.0, 19941203.0, 1.0, 1.0]
[19940423.0, 19941204.0, 1.0, 1.0]
[19940424.0, 19941205.0, 1.0, 1.0]
[19940425.0, 19941206.0, 1.0, 1.0]
[19940426.0, 19941207.0, 1.0, 1.0]
[19940427.0, 19941208.0, 1.0, 1.0]
[19940428.0, 19941209.0, 1.0, 1.0]
[19940429.0, 19941210.0, 1.0, 1.0]
[19940430.0, 19941211.0, 1.0, 1.0]
[19940431.0, 19941212.0, 1.0, 1.0]
[19940502.0, 19941213.0, 1.0, 1.0]
[19940503.0, 19941214.0, 1.0, 1.0]
[19940504.0, 19941215.0, 1.0, 1.0]
[19940505.0, 19941216.0, 1.0, 1.0]
[19940506.0, 19941217.0, 1.0, 1.0]
[19940507.0, 19941218.0, 1.0, 1.0]
[19940508.0, 19941219.0, 1.0, 1.0]
[19940509.0, 19941220.0, 1.0, 1.0]
[19940510.0, 19941221.0, 1.0, 1.0]
[19940511.0, 19941222.0, 1.0, 1.0]
[19940512.0, 19941223.0, 1.0, 1.0]
[19940513.0, 19941224.0, 1.0, 1.0]
[19940514.0, 19941225.0, 1.0, 1.0]
[19940515.0, 19941226.0, 1.0, 1.0]
[19940516.0, 19941227.0, 1.0, 1.0]
[19940517.0, 19941228.0, 1.0, 1.0]
[19940518.0, 19941229.0, 1.0, 1.0]
[19940519.0, 19941230.0, 1.0, 1.0]
[19940521.0, 19950101.0, 1.0, 1.0]

3

[19940101, 19950101.0, 1.0, 0.0]
[19940101, 19950101.0, 0.0, 1.0]
[19940305, 19941028.0, 1.0, 1.0]
[19940304, 19941027.0, 1.0, 1.0]
[19940302, 19941025.0, 1.0, 1.0]
[19940229, 19941023.0, 1.0, 1.0]
[19940228, 19941022.0, 1.0, 1.0]
[19940227, 19941021.0, 1.0, 1.0]
[19940226, 19941020.0, 1.0, 1.0]
[19940225, 19941019.0, 1.0, 1.0]
[19940224, 19941018.0, 1.0, 1.0]
[19940223, 19941017.0, 1.0, 1.0]
[19940222, 19941016.0, 1.0, 1.0]
[19940221, 19941015.0, 1.0, 1.0]
[19940220, 19941014.0, 1.0, 1.0]
[19940219, 19941013.0, 1.0, 1.0]
[19940218, 19941012.0, 1.0, 1.0]
[19940217, 19941011.0, 1.0, 1.0]
[19940216, 19941010.0, 1.0, 1.0]
[19940215, 19941009.0, 1.0, 1.0]
[19940214, 19941008.0, 1.0, 1.0]
[19940213, 19941007.0, 1.0, 1.0]
[19940212, 19941006.0, 1.0, 1.0]
[19940211, 19941005.0, 1.0, 1.0]
[19940210, 19941004.0, 1.0, 1.0]
[19940209, 19941003.0, 1.0, 1.0]
[19940208, 19941002.0, 1.0, 1.0]
[19940207, 19941001.0, 1.0, 1.0]
[19940205, 19940929.0, 1.0, 1.0]
[19940204, 19940928.0, 1.0, 1.0]
[19940203, 19940927.0, 1.0, 1.0]
[19940202, 19940926.0, 1.0, 1.0]
[19940132, 19940925.0, 1.0, 1.0]
[19940131, 19940924.0, 1.0, 1.0]
[19940130, 19940923.0, 1.0, 1.0]
[19940129, 19940922.0, 1.0, 1.0]
[19940128, 19940921.0, 1.0, 1.0]
[19940127, 19940920.0, 1.0, 1.0]
[19940126, 19940919.0, 1.0, 1.0]
[19940125, 19940918.0, 1.0, 1.0]
[19940124, 19940917.0, 1.0, 1.0]
[19940123, 19940916.0, 1.0, 1.0]
[19940122, 19940915.0, 1.0, 1.0]
[19940121, 19940914.0, 1.0, 1.0]
[19940120, 19940913.0, 1.0, 1.0]
[19940119, 19940912.0, 1.0, 1.0]
[19940118, 19940911.0, 1.0, 1.0]
[19940117, 19940910.0, 1.0, 1.0]
[19940116, 19940909.0, 1.0, 1.0]
[19940115, 19940908.0, 1.0, 1.0]
[19940113, 19940907.0, 1.0, 1.0]
[19940112, 19940906.0, 1.0, 1.0]
[19940110, 19940904.0, 1.0, 1.0]
[19940109, 19940903.0, 1.0, 1.0]
[19940108, 19940902.0, 1.0, 1.0]
[19940107, 19940901.0, 1.0, 1.0]
[19940105, 19940830.0, 1.0, 1.0]
[19940104, 19940829.0, 1.0, 1.0]
[19940103, 19940828.0, 1.0, 1.0]
[19940102, 19940827.0, 1.0, 1.0]
[19940101, 19940826.0, 1.0, 1.0]
[19940307.0, 19941029.0, 1.0, 1.0]
[19940308.0, 19941030.0, 1.0, 1.0]
[19940310.0, 19941101.0, 1.0, 1.0]
[19940311.0, 19941102.0, 1.0, 1.0]
[19940312.0, 19941103.0, 1.0, 1.0]
[19940313.0, 19941104.0, 1.0, 1.0]
[19940314.0, 19941105.0, 1.0, 1.0]
[19940315.0, 19941106.0, 1.0, 1.0]
[19940316.0, 19941107.0, 1.0, 1.0]
[19940317.0, 19941109.0, 1.0, 1.0]
[19940319.0, 19941110.0, 1.0, 1.0]
[19940320.0, 19941111.0, 1.0, 1.0]
[19940321.0, 19941112.0, 1.0, 1.0]
[19940322.0, 19941113.0, 1.0, 1.0]
[19940323.0, 19941114.0, 1.0, 1.0]
[19940324.0, 19941115.0, 1.0, 1.0]
[19940325.0, 19941116.0, 1.0, 1.0]
[19940326.0, 19941117.0, 1.0, 1.0]
[19940327.0, 19941118.0, 1.0, 1.0]
[19940328.0, 19941119.0, 1.0, 1.0]
[19940329.0, 19941120.0, 1.0, 1.0]
[19940330.0, 19941121.0, 1.0, 1.0]
[19940331.0, 19941122.0, 1.0, 1.0]
[19940332.0, 19941123.0, 1.0, 1.0]
[19940402.0, 19941124.0, 1.0, 1.0]
[19940403.0, 19941125.0, 1.0, 1.0]
[19940404.0, 19941126.0, 1.0, 1.0]
[19940405.0, 19941127.0, 1.0, 1.0]
[19940406.0, 19941128.0, 1.0, 1.0]
[19940407.0, 19941129.0, 1.0, 1.0]
[19940409.0, 19941201.0, 1.0, 1.0]
[19940410.0, 19941202.0, 1.0, 1.0]
[19940411.0, 19941204.0, 1.0, 1.0]
[19940412.0, 19941205.0, 1.0, 1.0]
[19940413.0, 19941206.0, 1.0, 1.0]
[19940414.0, 19941207.0, 1.0, 1.0]
[19940415.0, 19941208.0, 1.0, 1.0]
[19940416.0, 19941209.0, 1.0, 1.0]
[19940417.0, 19941210.0, 1.0, 1.0]
[19940418.0, 19941211.0, 1.0, 1.0]
[19940419.0, 19941212.0, 1.0, 1.0]
[19940420.0, 19941213.0, 1.0, 1.0]
[19940421.0, 19941214.0, 1.0, 1.0]
[19940422.0, 19941215.0, 1.0, 1.0]
[19940423.0, 19941216.0, 1.0, 1.0]
[19940424.0, 19941217.0, 1.0, 1.0]
[19940425.0, 19941218.0, 1.0, 1.0]
[19940426.0, 19941219.0, 1.0, 1.0]
[19940427.0, 19941220.0, 1.0, 1.0]
[19940428.0, 19941221.0, 1.0, 1.0]
[19940429.0, 19941222.0, 1.0, 1.0]
[19940430.0, 19941223.0, 1.0, 1.0]
[19940502.0, 19941224.0, 1.0, 1.0]
[19940503.0, 19941225.0, 1.0, 1.0]
[19940504.0, 19941226.0, 1.0, 1.0]
[19940505.0, 19941227.0, 1.0, 1.0]
[19940506.0, 19941228.0, 1.0, 1.0]
[19940507.0, 19941230.0, 1.0, 1.0]
[19940509.0, 19950101.0, 1.0, 1.0]

4

[19940101, 19950101.0, 1.0, 0.0]
[19940101, 19950101.0, 0.0, 1.0]
[19940228, 19941103.0, 1.0, 1.0]
[19940227, 19941102.0, 1.0, 1.0]
[19940226, 19941101.0, 1.0, 1.0]
[19940224, 19941030.0, 1.0, 1.0]
[19940223, 19941029.0, 1.0, 1.0]
[19940222, 19941028.0, 1.0, 1.0]
[19940221, 19941027.0, 1.0, 1.0]
[19940220, 19941026.0, 1.0, 1.0]
[19940219, 19941025.0, 1.0, 1.0]
[19940218, 19941024.0, 1.0, 1.0]
[19940217, 19941023.0, 1.0, 1.0]
[19940216, 19941022.0, 1.0, 1.0]
[19940215, 19941021.0, 1.0, 1.0]
[19940214, 19941020.0, 1.0, 1.0]
[19940213, 19941019.0, 1.0, 1.0]
[19940212, 19941018.0, 1.0, 1.0]
[19940211, 19941017.0, 1.0, 1.0]
[19940210, 19941016.0, 1.0, 1.0]
[19940209, 19941015.0, 1.0, 1.0]
[19940208, 19941014.0, 1.0, 1.0]
[19940207, 19941013.0, 1.0, 1.0]
[19940206, 19941012.0, 1.0, 1.0]
[19940205, 19941011.0, 1.0, 1.0]
[19940204, 19941010.0, 1.0, 1.0]
[19940203, 19941009.0, 1.0, 1.0]
[19940202, 19941008.0, 1.0, 1.0]
[19940132, 19941007.0, 1.0, 1.0]
[19940131, 19941006.0, 1.0, 1.0]
[19940130, 19941005.0, 1.0, 1.0]
[19940129, 19941004.0, 1.0, 1.0]
[19940128, 19941003.0, 1.0, 1.0]
[19940127, 19941002.0, 1.0, 1.0]
[19940126, 19941001.0, 1.0, 1.0]
[19940124, 19940929.0, 1.0, 1.0]
[19940123, 19940928.0, 1.0, 1.0]
[19940122, 19940927.0, 1.0, 1.0]
[19940121, 19940926.0, 1.0, 1.0]
[19940120, 19940925.0, 1.0, 1.0]
[19940119, 19940924.0, 1.0, 1.0]
[19940118, 19940923.0, 1.0, 1.0]
[19940117, 19940922.0, 1.0, 1.0]
[19940116, 19940921.0, 1.0, 1.0]
[19940115, 19940920.0, 1.0, 1.0]
[19940114, 19940919.0, 1.0, 1.0]
[19940113, 19940918.0, 1.0, 1.0]
[19940112, 19940917.0, 1.0, 1.0]
[19940111, 19940916.0, 1.0, 1.0]
[19940110, 19940915.0, 1.0, 1.0]
[19940109, 19940914.0, 1.0, 1.0]
[19940108, 19940913.0, 1.0, 1.0]
[19940107, 19940912.0, 1.0, 1.0]
[19940106, 19940911.0, 1.0, 1.0]
[19940105, 19940910.0, 1.0, 1.0]
[19940104, 19940909.0, 1.0, 1.0]
[19940103, 19940908.0, 1.0, 1.0]
[19940102, 19940907.0, 1.0, 1.0]
[19940101, 19940906.0, 1.0, 1.0]
[19940229.0, 19941104.0, 1.0, 1.0]
[19940302.0, 19941105.0, 1.0, 1.0]
[19940303.0, 19941106.0, 1.0, 1.0]
[19940304.0, 19941107.0, 1.0, 1.0]
[19940305.0, 19941108.0, 1.0, 1.0]
[19940306.0, 19941109.0, 1.0, 1.0]
[19940307.0, 19941110.0, 1.0, 1.0]
[19940308.0, 19941111.0, 1.0, 1.0]
[19940309.0, 19941112.0, 1.0, 1.0]
[19940310.0, 19941113.0, 1.0, 1.0]
[19940311.0, 19941114.0, 1.0, 1.0]
[19940312.0, 19941115.0, 1.0, 1.0]
[19940313.0, 19941116.0, 1.0, 1.0]
[19940314.0, 19941117.0, 1.0, 1.0]
[19940315.0, 19941118.0, 1.0, 1.0]
[19940316.0, 19941119.0, 1.0, 1.0]
[19940317.0, 19941120.0, 1.0, 1.0]
[19940318.0, 19941121.0, 1.0, 1.0]
[19940319.0, 19941122.0, 1.0, 1.0]
[19940320.0, 19941123.0, 1.0, 1.0]
[19940321.0, 19941124.0, 1.0, 1.0]
[19940322.0, 19941125.0, 1.0, 1.0]
[19940323.0, 19941126.0, 1.0, 1.0]
[19940324.0, 19941127.0, 1.0, 1.0]
[19940325.0, 19941128.0, 1.0, 1.0]
[19940326.0, 19941129.0, 1.0, 1.0]
[19940328.0, 19941201.0, 1.0, 1.0]
[19940329.0, 19941202.0, 1.0, 1.0]
[19940330.0, 19941203.0, 1.0, 1.0]
[19940331.0, 19941204.0, 1.0, 1.0]
[19940332.0, 19941205.0, 1.0, 1.0]
[19940402.0, 19941206.0, 1.0, 1.0]
[19940403.0, 19941207.0, 1.0, 1.0]
[19940404.0, 19941208.0, 1.0, 1.0]
[19940405.0, 19941209.0, 1.0, 1.0]
[19940406.0, 19941210.0, 1.0, 1.0]
[19940407.0, 19941211.0, 1.0, 1.0]
[19940408.0, 19941212.0, 1.0, 1.0]
[19940409.0, 19941213.0, 1.0, 1.0]
[19940410.0, 19941214.0, 1.0, 1.0]
[19940411.0, 19941215.0, 1.0, 1.0]
[19940412.0, 19941216.0, 1.0, 1.0]
[19940413.0, 19941217.0, 1.0, 1.0]
[19940414.0, 19941218.0, 1.0, 1.0]
[19940415.0, 19941219.0, 1.0, 1.0]
[19940416.0, 19941220.0, 1.0, 1.0]
[19940417.0, 19941221.0, 1.0, 1.0]
[19940418.0, 19941222.0, 1.0, 1.0]
[19940419.0, 19941223.0, 1.0, 1.0]
[19940420.0, 19941224.0, 1.0, 1.0]
[19940421.0, 19941225.0, 1.0, 1.0]
[19940422.0, 19941226.0, 1.0, 1.0]
[19940423.0, 19941227.0, 1.0, 1.0]
[19940424.0, 19941228.0, 1.0, 1.0]
[19940425.0, 19941229.0, 1.0, 1.0]
[19940426.0, 19941230.0, 1.0, 1.0]
[19940428.0, 19950101.0, 1.0, 1.0]

5

[19940101, 19950101.0, 1.0, 0.0]
[19940101, 19950101.0, 0.0, 1.0]
[19940222, 19941109.0, 1.0, 1.0]
[19940221, 19941108.0, 1.0, 1.0]
[19940220, 19941107.0, 1.0, 1.0]
[19940219, 19941106.0, 1.0, 1.0]
[19940218, 19941105.0, 1.0, 1.0]
[19940217, 19941104.0, 1.0, 1.0]
[19940216, 19941103.0, 1.0, 1.0]
[19940215, 19941102.0, 1.0, 1.0]
[19940214, 19941101.0, 1.0, 1.0]
[19940212, 19941030.0, 1.0, 1.0]
[19940211, 19941029.0, 1.0, 1.0]
[19940210, 19941028.0, 1.0, 1.0]
[19940209, 19941027.0, 1.0, 1.0]
[19940208, 19941026.0, 1.0, 1.0]
[19940207, 19941025.0, 1.0, 1.0]
[19940206, 19941024.0, 1.0, 1.0]
[19940205, 19941023.0, 1.0, 1.0]
[19940204, 19941022.0, 1.0, 1.0]
[19940203, 19941021.0, 1.0, 1.0]
[19940202, 19941020.0, 1.0, 1.0]
[19940132, 19941019.0, 1.0, 1.0]
[19940131, 19941018.0, 1.0, 1.0]
[19940130, 19941017.0, 1.0, 1.0]
[19940129, 19941016.0, 1.0, 1.0]
[19940128, 19941015.0, 1.0, 1.0]
[19940127, 19941014.0, 1.0, 1.0]
[19940126, 19941012.0, 1.0, 1.0]
[19940125, 19941011.0, 1.0, 1.0]
[19940123, 19941010.0, 1.0, 1.0]
[19940122, 19941009.0, 1.0, 1.0]
[19940121, 19941008.0, 1.0, 1.0]
[19940120, 19941007.0, 1.0, 1.0]
[19940119, 19941006.0, 1.0, 1.0]
[19940118, 19941005.0, 1.0, 1.0]
[19940117, 19941004.0, 1.0, 1.0]
[19940116, 19941003.0, 1.0, 1.0]
[19940115, 19941002.0, 1.0, 1.0]
[19940114, 19941001.0, 1.0, 1.0]
[19940112, 19940929.0, 1.0, 1.0]
[19940111, 19940928.0, 1.0, 1.0]
[19940110, 19940927.0, 1.0, 1.0]
[19940109, 19940926.0, 1.0, 1.0]
[19940108, 19940925.0, 1.0, 1.0]
[19940107, 19940924.0, 1.0, 1.0]
[19940106, 19940923.0, 1.0, 1.0]
[19940105, 19940922.0, 1.0, 1.0]
[19940104, 19940921.0, 1.0, 1.0]
[19940103, 19940920.0, 1.0, 1.0]
[19940102, 19940919.0, 1.0, 1.0]
[19940101, 19940918.0, 1.0, 1.0]
[19940223.0, 19941110.0, 1.0, 1.0]
[19940224.0, 19941111.0, 1.0, 1.0]
[19940225.0, 19941112.0, 1.0, 1.0]
[19940226.0, 19941113.0, 1.0, 1.0]
[19940227.0, 19941114.0, 1.0, 1.0]
[19940228.0, 19941115.0, 1.0, 1.0]
[19940229.0, 19941116.0, 1.0, 1.0]
[19940302.0, 19941117.0, 1.0, 1.0]
[19940303.0, 19941118.0, 1.0, 1.0]
[19940304.0, 19941119.0, 1.0, 1.0]
[19940305.0, 19941120.0, 1.0, 1.0]
[19940306.0, 19941121.0, 1.0, 1.0]
[19940307.0, 19941122.0, 1.0, 1.0]
[19940308.0, 19941123.0, 1.0, 1.0]
[19940309.0, 19941124.0, 1.0, 1.0]
[19940310.0, 19941125.0, 1.0, 1.0]
[19940311.0, 19941126.0, 1.0, 1.0]
[19940312.0, 19941127.0, 1.0, 1.0]
[19940313.0, 19941128.0, 1.0, 1.0]
[19940314.0, 19941129.0, 1.0, 1.0]
[19940316.0, 19941201.0, 1.0, 1.0]
[19940317.0, 19941202.0, 1.0, 1.0]
[19940318.0, 19941203.0, 1.0, 1.0]
[19940319.0, 19941204.0, 1.0, 1.0]
[19940320.0, 19941205.0, 1.0, 1.0]
[19940321.0, 19941206.0, 1.0, 1.0]
[19940322.0, 19941207.0, 1.0, 1.0]
[19940323.0, 19941208.0, 1.0, 1.0]
[19940324.0, 19941209.0, 1.0, 1.0]
[19940325.0, 19941210.0, 1.0, 1.0]
[19940326.0, 19941211.0, 1.0, 1.0]
[19940327.0, 19941212.0, 1.0, 1.0]
[19940328.0, 19941213.0, 1.0, 1.0]
[19940329.0, 19941214.0, 1.0, 1.0]
[19940330.0, 19941215.0, 1.0, 1.0]
[19940331.0, 19941216.0, 1.0, 1.0]
[19940332.0, 19941217.0, 1.0, 1.0]
[19940402.0, 19941218.0, 1.0, 1.0]
[19940403.0, 19941219.0, 1.0, 1.0]
[19940404.0, 19941220.0, 1.0, 1.0]
[19940405.0, 19941221.0, 1.0, 1.0]
[19940406.0, 19941222.0, 1.0, 1.0]
[19940407.0, 19941223.0, 1.0, 1.0]
[19940408.0, 19941224.0, 1.0, 1.0]
[19940409.0, 19941225.0, 1.0, 1.0]
[19940410.0, 19941226.0, 1.0, 1.0]
[19940411.0, 19941227.0, 1.0, 1.0]
[19940412.0, 19941228.0, 1.0, 1.0]
[19940413.0, 19941229.0, 1.0, 1.0]
[19940414.0, 19941230.0, 1.0, 1.0]
[19940416.0, 19950101.0, 1.0, 1.0]

6

[19940101, 19950101.0, 1.0, 0.0]
[19940101, 19950101.0, 0.0, 1.0]
[19940216, 19941115.0, 1.0, 1.0]
[19940215, 19941114.0, 1.0, 1.0]
[19940214, 19941113.0, 1.0, 1.0]
[19940213, 19941112.0, 1.0, 1.0]
[19940212, 19941111.0, 1.0, 1.0]
[19940211, 19941110.0, 1.0, 1.0]
[19940210, 19941109.0, 1.0, 1.0]
[19940209, 19941108.0, 1.0, 1.0]
[19940208, 19941107.0, 1.0, 1.0]
[19940207, 19941106.0, 1.0, 1.0]
[19940206, 19941105.0, 1.0, 1.0]
[19940205, 19941104.0, 1.0, 1.0]
[19940204, 19941103.0, 1.0, 1.0]
[19940203, 19941102.0, 1.0, 1.0]
[19940202, 19941101.0, 1.0, 1.0]
[19940131, 19941030.0, 1.0, 1.0]
[19940130, 19941029.0, 1.0, 1.0]
[19940129, 19941028.0, 1.0, 1.0]
[19940128, 19941027.0, 1.0, 1.0]
[19940127, 19941026.0, 1.0, 1.0]
[19940126, 19941025.0, 1.0, 1.0]
[19940125, 19941023.0, 1.0, 1.0]
[19940124, 19941022.0, 1.0, 1.0]
[19940122, 19941021.0, 1.0, 1.0]
[19940121, 19941019.0, 1.0, 1.0]
[19940120, 19941018.0, 1.0, 1.0]
[19940119, 19941017.0, 1.0, 1.0]
[19940118, 19941016.0, 1.0, 1.0]
[19940116, 19941015.0, 1.0, 1.0]
[19940115, 19941013.0, 1.0, 1.0]
[19940114, 19941012.0, 1.0, 1.0]
[19940113, 19941011.0, 1.0, 1.0]
[19940112, 19941010.0, 1.0, 1.0]
[19940111, 19941009.0, 1.0, 1.0]
[19940109, 19941008.0, 1.0, 1.0]
[19940108, 19941007.0, 1.0, 1.0]
[19940107, 19941006.0, 1.0, 1.0]
[19940106, 19941005.0, 1.0, 1.0]
[19940105, 19941004.0, 1.0, 1.0]
[19940103, 19941002.0, 1.0, 1.0]
[19940102, 19941001.0, 1.0, 1.0]
[19940101, 19940929.0, 1.0, 1.0]
[19940217.0, 19941116.0, 1.0, 1.0]
[19940218.0, 19941117.0, 1.0, 1.0]
[19940219.0, 19941118.0, 1.0, 1.0]
[19940220.0, 19941119.0, 1.0, 1.0]
[19940221.0, 19941120.0, 1.0, 1.0]
[19940222.0, 19941121.0, 1.0, 1.0]
[19940223.0, 19941122.0, 1.0, 1.0]
[19940225.0, 19941124.0, 1.0, 1.0]
[19940226.0, 19941125.0, 1.0, 1.0]
[19940227.0, 19941126.0, 1.0, 1.0]
[19940228.0, 19941127.0, 1.0, 1.0]
[19940229.0, 19941128.0, 1.0, 1.0]
[19940302.0, 19941129.0, 1.0, 1.0]
[19940304.0, 19941201.0, 1.0, 1.0]
[19940305.0, 19941202.0, 1.0, 1.0]
[19940306.0, 19941203.0, 1.0, 1.0]
[19940307.0, 19941204.0, 1.0, 1.0]
[19940309.0, 19941206.0, 1.0, 1.0]
[19940310.0, 19941207.0, 1.0, 1.0]
[19940311.0, 19941208.0, 1.0, 1.0]
[19940312.0, 19941209.0, 1.0, 1.0]
[19940313.0, 19941210.0, 1.0, 1.0]
[19940314.0, 19941211.0, 1.0, 1.0]
[19940315.0, 19941212.0, 1.0, 1.0]
[19940316.0, 19941213.0, 1.0, 1.0]
[19940317.0, 19941214.0, 1.0, 1.0]
[19940318.0, 19941215.0, 1.0, 1.0]
[19940319.0, 19941216.0, 1.0, 1.0]
[19940320.0, 19941217.0, 1.0, 1.0]
[19940321.0, 19941218.0, 1.0, 1.0]
[19940322.0, 19941219.0, 1.0, 1.0]
[19940323.0, 19941220.0, 1.0, 1.0]
[19940324.0, 19941221.0, 1.0, 1.0]
[19940325.0, 19941222.0, 1.0, 1.0]
[19940327.0, 19941223.0, 1.0, 1.0]
[19940328.0, 19941224.0, 1.0, 1.0]
[19940329.0, 19941225.0, 1.0, 1.0]
[19940330.0, 19941226.0, 1.0, 1.0]
[19940331.0, 19941227.0, 1.0, 1.0]
[19940332.0, 19941228.0, 1.0, 1.0]
[19940402.0, 19941229.0, 1.0, 1.0]
[19940403.0, 19941230.0, 1.0, 1.0]
[19940404.0, 19950101.0, 1.0, 1.0]

7

[19940101, 19950101.0, 1.0, 0.0]
[19940101, 19950101.0, 0.0, 1.0]
[19940211, 19941121.0, 1.0, 1.0]
[19940210, 19941120.0, 1.0, 1.0]
[19940209, 19941119.0, 1.0, 1.0]
[19940208, 19941118.0, 1.0, 1.0]
[19940207, 19941117.0, 1.0, 1.0]
[19940206, 19941116.0, 1.0, 1.0]
[19940205, 19941115.0, 1.0, 1.0]
[19940203, 19941114.0, 1.0, 1.0]
[19940202, 19941113.0, 1.0, 1.0]
[19940132, 19941112.0, 1.0, 1.0]
[19940131, 19941110.0, 1.0, 1.0]
[19940130, 19941109.0, 1.0, 1.0]
[19940129, 19941108.0, 1.0, 1.0]
[19940128, 19941107.0, 1.0, 1.0]
[19940127, 19941106.0, 1.0, 1.0]
[19940126, 19941105.0, 1.0, 1.0]
[19940125, 19941104.0, 1.0, 1.0]
[19940124, 19941103.0, 1.0, 1.0]
[19940123, 19941102.0, 1.0, 1.0]
[19940122, 19941101.0, 1.0, 1.0]
[19940120, 19941030.0, 1.0, 1.0]
[19940119, 19941029.0, 1.0, 1.0]
[19940117, 19941028.0, 1.0, 1.0]
[19940116, 19941027.0, 1.0, 1.0]
[19940115, 19941026.0, 1.0, 1.0]
[19940114, 19941025.0, 1.0, 1.0]
[19940113, 19941023.0, 1.0, 1.0]
[19940112, 19941022.0, 1.0, 1.0]
[19940111, 19941021.0, 1.0, 1.0]
[19940110, 19941020.0, 1.0, 1.0]
[19940109, 19941019.0, 1.0, 1.0]
[19940108, 19941018.0, 1.0, 1.0]
[19940107, 19941017.0, 1.0, 1.0]
[19940106, 19941016.0, 1.0, 1.0]
[19940105, 19941015.0, 1.0, 1.0]
[19940104, 19941014.0, 1.0, 1.0]
[19940103, 19941013.0, 1.0, 1.0]
[19940102, 19941012.0, 1.0, 1.0]
[19940101, 19941011.0, 1.0, 1.0]
[19940212.0, 19941122.0, 1.0, 1.0]
[19940213.0, 19941123.0, 1.0, 1.0]
[19940214.0, 19941124.0, 1.0, 1.0]
[19940215.0, 19941125.0, 1.0, 1.0]
[19940216.0, 19941126.0, 1.0, 1.0]
[19940217.0, 19941127.0, 1.0, 1.0]
[19940218.0, 19941128.0, 1.0, 1.0]
[19940219.0, 19941129.0, 1.0, 1.0]
[19940221.0, 19941201.0, 1.0, 1.0]
[19940222.0, 19941202.0, 1.0, 1.0]
[19940223.0, 19941203.0, 1.0, 1.0]
[19940224.0, 19941204.0, 1.0, 1.0]
[19940225.0, 19941205.0, 1.0, 1.0]
[19940226.0, 19941206.0, 1.0, 1.0]
[19940227.0, 19941207.0, 1.0, 1.0]
[19940228.0, 19941208.0, 1.0, 1.0]
[19940229.0, 19941210.0, 1.0, 1.0]
[19940302.0, 19941211.0, 1.0, 1.0]
[19940303.0, 19941212.0, 1.0, 1.0]
[19940304.0, 19941213.0, 1.0, 1.0]
[19940305.0, 19941214.0, 1.0, 1.0]
[19940307.0, 19941215.0, 1.0, 1.0]
[19940308.0, 19941216.0, 1.0, 1.0]
[19940309.0, 19941217.0, 1.0, 1.0]
[19940310.0, 19941218.0, 1.0, 1.0]
[19940311.0, 19941219.0, 1.0, 1.0]
[19940312.0, 19941220.0, 1.0, 1.0]
[19940313.0, 19941221.0, 1.0, 1.0]
[19940314.0, 19941222.0, 1.0, 1.0]
[19940315.0, 19941223.0, 1.0, 1.0]
[19940316.0, 19941224.0, 1.0, 1.0]
[19940317.0, 19941225.0, 1.0, 1.0]
[19940318.0, 19941226.0, 1.0, 1.0]
[19940319.0, 19941227.0, 1.0, 1.0]
[19940320.0, 19941228.0, 1.0, 1.0]
[19940321.0, 19941229.0, 1.0, 1.0]
[19940322.0, 19941230.0, 1.0, 1.0]
[19940324.0, 19950101.0, 1.0, 1.0]

8

[19940101, 19950101.0, 1.0, 0.0]
[19940101, 19950101.0, 0.0, 1.0]
[19940205, 19941127.0, 1.0, 1.0]
[19940204, 19941125.0, 1.0, 1.0]
[19940203, 19941124.0, 1.0, 1.0]
[19940202, 19941123.0, 1.0, 1.0]
[19940132, 19941122.0, 1.0, 1.0]
[19940131, 19941121.0, 1.0, 1.0]
[19940130, 19941120.0, 1.0, 1.0]
[19940129, 19941119.0, 1.0, 1.0]
[19940127, 19941118.0, 1.0, 1.0]
[19940126, 19941117.0, 1.0, 1.0]
[19940125, 19941116.0, 1.0, 1.0]
[19940124, 19941115.0, 1.0, 1.0]
[19940123, 19941114.0, 1.0, 1.0]
[19940122, 19941113.0, 1.0, 1.0]
[19940121, 19941112.0, 1.0, 1.0]
[19940120, 19941111.0, 1.0, 1.0]
[19940119, 19941110.0, 1.0, 1.0]
[19940118, 19941109.0, 1.0, 1.0]
[19940117, 19941108.0, 1.0, 1.0]
[19940116, 19941107.0, 1.0, 1.0]
[19940115, 19941106.0, 1.0, 1.0]
[19940114, 19941105.0, 1.0, 1.0]
[19940113, 19941104.0, 1.0, 1.0]
[19940112, 19941103.0, 1.0, 1.0]
[19940111, 19941102.0, 1.0, 1.0]
[19940110, 19941101.0, 1.0, 1.0]
[19940108, 19941030.0, 1.0, 1.0]
[19940107, 19941029.0, 1.0, 1.0]
[19940106, 19941028.0, 1.0, 1.0]
[19940105, 19941027.0, 1.0, 1.0]
[19940104, 19941026.0, 1.0, 1.0]
[19940103, 19941025.0, 1.0, 1.0]
[19940102, 19941024.0, 1.0, 1.0]
[19940101, 19941023.0, 1.0, 1.0]
[19940207.0, 19941128.0, 1.0, 1.0]
[19940208.0, 19941129.0, 1.0, 1.0]
[19940210.0, 19941201.0, 1.0, 1.0]
[19940211.0, 19941202.0, 1.0, 1.0]
[19940212.0, 19941203.0, 1.0, 1.0]
[19940213.0, 19941204.0, 1.0, 1.0]
[19940214.0, 19941205.0, 1.0, 1.0]
[19940215.0, 19941206.0, 1.0, 1.0]
[19940216.0, 19941207.0, 1.0, 1.0]
[19940217.0, 19941208.0, 1.0, 1.0]
[19940218.0, 19941209.0, 1.0, 1.0]
[19940219.0, 19941210.0, 1.0, 1.0]
[19940220.0, 19941211.0, 1.0, 1.0]
[19940221.0, 19941212.0, 1.0, 1.0]
[19940222.0, 19941213.0, 1.0, 1.0]
[19940223.0, 19941214.0, 1.0, 1.0]
[19940224.0, 19941215.0, 1.0, 1.0]
[19940225.0, 19941216.0, 1.0, 1.0]
[19940226.0, 19941217.0, 1.0, 1.0]
[19940227.0, 19941218.0, 1.0, 1.0]
[19940228.0, 19941219.0, 1.0, 1.0]
[19940229.0, 19941220.0, 1.0, 1.0]
[19940302.0, 19941221.0, 1.0, 1.0]
[19940303.0, 19941222.0, 1.0, 1.0]
[19940304.0, 19941223.0, 1.0, 1.0]
[19940305.0, 19941224.0, 1.0, 1.0]
[19940306.0, 19941225.0, 1.0, 1.0]
[19940307.0, 19941226.0, 1.0, 1.0]
[19940308.0, 19941227.0, 1.0, 1.0]
[19940310.0, 19941229.0, 1.0, 1.0]
[19940312.0, 19941230.0, 1.0, 1.0]
[19940313.0, 19950101.0, 1.0, 1.0]

9

[19940101, 19950101.0, 1.0, 0.0]
[19940101, 19950101.0, 0.0, 1.0]
[19940205, 19941127.0, 1.0, 1.0]
[19940204, 19941125.0, 1.0, 1.0]
[19940203, 19941124.0, 1.0, 1.0]
[19940202, 19941123.0, 1.0, 1.0]
[19940132, 19941122.0, 1.0, 1.0]
[19940131, 19941121.0, 1.0, 1.0]
[19940130, 19941120.0, 1.0, 1.0]
[19940129, 19941119.0, 1.0, 1.0]
[19940127, 19941118.0, 1.0, 1.0]
[19940126, 19941117.0, 1.0, 1.0]
[19940125, 19941116.0, 1.0, 1.0]
[19940124, 19941115.0, 1.0, 1.0]
[19940123, 19941114.0, 1.0, 1.0]
[19940122, 19941113.0, 1.0, 1.0]
[19940121, 19941112.0, 1.0, 1.0]
[19940120, 19941111.0, 1.0, 1.0]
[19940119, 19941110.0, 1.0, 1.0]
[19940118, 19941109.0, 1.0, 1.0]
[19940117, 19941108.0, 1.0, 1.0]
[19940116, 19941107.0, 1.0, 1.0]
[19940115, 19941106.0, 1.0, 1.0]
[19940114, 19941105.0, 1.0, 1.0]
[19940113, 19941104.0, 1.0, 1.0]
[19940112, 19941103.0, 1.0, 1.0]
[19940111, 19941102.0, 1.0, 1.0]
[19940110, 19941101.0, 1.0, 1.0]
[19940108, 19941030.0, 1.0, 1.0]
[19940106, 19941029.0, 1.0, 1.0]
[19940105, 19941028.0, 1.0, 1.0]
[19940104, 19941027.0, 1.0, 1.0]
[19940103, 19941026.0, 1.0, 1.0]
[19940102, 19941025.0, 1.0, 1.0]
[19940101, 19941024.0, 1.0, 1.0]
[19940207.0, 19941128.0, 1.0, 1.0]
[19940208.0, 19941129.0, 1.0, 1.0]
[19940210.0, 19941201.0, 1.0, 1.0]
[19940211.0, 19941202.0, 1.0, 1.0]
[19940212.0, 19941203.0, 1.0, 1.0]
[19940213.0, 19941204.0, 1.0, 1.0]
[19940214.0, 19941205.0, 1.0, 1.0]
[19940215.0, 19941206.0, 1.0, 1.0]
[19940216.0, 19941207.0, 1.0, 1.0]
[19940217.0, 19941208.0, 1.0, 1.0]
[19940218.0, 19941209.0, 1.0, 1.0]
[19940219.0, 19941210.0, 1.0, 1.0]
[19940220.0, 19941211.0, 1.0, 1.0]
[19940221.0, 19941212.0, 1.0, 1.0]
[19940222.0, 19941213.0, 1.0, 1.0]
[19940223.0, 19941214.0, 1.0, 1.0]
[19940224.0, 19941215.0, 1.0, 1.0]
[19940225.0, 19941216.0, 1.0, 1.0]
[19940226.0, 19941217.0, 1.0, 1.0]
[19940227.0, 19941218.0, 1.0, 1.0]
[19940228.0, 19941219.0, 1.0, 1.0]
[19940229.0, 19941220.0, 1.0, 1.0]
[19940302.0, 19941221.0, 1.0, 1.0]
[19940303.0, 19941222.0, 1.0, 1.0]
[19940304.0, 19941223.0, 1.0, 1.0]
[19940305.0, 19941224.0, 1.0, 1.0]
[19940306.0, 19941225.0, 1.0, 1.0]
[19940307.0, 19941226.0, 1.0, 1.0]
[19940308.0, 19941227.0, 1.0, 1.0]
[19940310.0, 19941229.0, 1.0, 1.0]
[19940312.0, 19941230.0, 1.0, 1.0]
[19940313.0, 19950101.0, 1.0, 1.0]

10

[19940101, 19950101.0, 1.0, 0.0]
[19940101, 19950101.0, 0.0, 1.0]
[19940205, 19941127.0, 1.0, 1.0]
[19940204, 19941125.0, 1.0, 1.0]
[19940203, 19941124.0, 1.0, 1.0]
[19940202, 19941123.0, 1.0, 1.0]
[19940132, 19941122.0, 1.0, 1.0]
[19940131, 19941121.0, 1.0, 1.0]
[19940130, 19941120.0, 1.0, 1.0]
[19940129, 19941119.0, 1.0, 1.0]
[19940127, 19941118.0, 1.0, 1.0]
[19940126, 19941117.0, 1.0, 1.0]
[19940125, 19941116.0, 1.0, 1.0]
[19940124, 19941115.0, 1.0, 1.0]
[19940123, 19941114.0, 1.0, 1.0]
[19940122, 19941113.0, 1.0, 1.0]
[19940121, 19941112.0, 1.0, 1.0]
[19940120, 19941111.0, 1.0, 1.0]
[19940119, 19941110.0, 1.0, 1.0]
[19940118, 19941109.0, 1.0, 1.0]
[19940117, 19941108.0, 1.0, 1.0]
[19940116, 19941107.0, 1.0, 1.0]
[19940115, 19941106.0, 1.0, 1.0]
[19940114, 19941105.0, 1.0, 1.0]
[19940113, 19941104.0, 1.0, 1.0]
[19940112, 19941103.0, 1.0, 1.0]
[19940111, 19941102.0, 1.0, 1.0]
[19940110, 19941101.0, 1.0, 1.0]
[19940108, 19941030.0, 1.0, 1.0]
[19940106, 19941029.0, 1.0, 1.0]
[19940105, 19941028.0, 1.0, 1.0]
[19940104, 19941027.0, 1.0, 1.0]
[19940103, 19941026.0, 1.0, 1.0]
[19940102, 19941025.0, 1.0, 1.0]
[19940101, 19941024.0, 1.0, 1.0]
[19940207.0, 19941128.0, 1.0, 1.0]
[19940208.0, 19941129.0, 1.0, 1.0]
[19940210.0, 19941201.0, 1.0, 1.0]
[19940211.0, 19941202.0, 1.0, 1.0]
[19940212.0, 19941203.0, 1.0, 1.0]
[19940213.0, 19941204.0, 1.0, 1.0]
[19940214.0, 19941205.0, 1.0, 1.0]
[19940215.0, 19941206.0, 1.0, 1.0]
[19940216.0, 19941207.0, 1.0, 1.0]
[19940217.0, 19941208.0, 1.0, 1.0]
[19940218.0, 19941209.0, 1.0, 1.0]
[19940219.0, 19941210.0, 1.0, 1.0]
[19940220.0, 19941211.0, 1.0, 1.0]
[19940221.0, 19941212.0, 1.0, 1.0]
[19940222.0, 19941213.0, 1.0, 1.0]
[19940223.0, 19941214.0, 1.0, 1.0]
[19940224.0, 19941215.0, 1.0, 1.0]
[19940225.0, 19941216.0, 1.0, 1.0]
[19940226.0, 19941217.0, 1.0, 1.0]
[19940227.0, 19941218.0, 1.0, 1.0]
[19940228.0, 19941219.0, 1.0, 1.0]
[19940229.0, 19941220.0, 1.0, 1.0]
[19940302.0, 19941221.0, 1.0, 1.0]
[19940303.0, 19941222.0, 1.0, 1.0]
[19940304.0, 19941223.0, 1.0, 1.0]
[19940305.0, 19941224.0, 1.0, 1.0]
[19940306.0, 19941225.0, 1.0, 1.0]
[19940307.0, 19941226.0, 1.0, 1.0]
[19940308.0, 19941227.0, 1.0, 1.0]
[19940310.0, 19941229.0, 1.0, 1.0]
[19940312.0, 19941230.0, 1.0, 1.0]
[19940313.0, 19950101.0, 1.0, 1.0]

11

[19940101, 19950101.0, 1.0, 0.0]
[19940101, 19950101.0, 0.0, 1.0]
[19940205, 19941127.0, 1.0, 1.0]
[19940204, 19941125.0, 1.0, 1.0]
[19940203, 19941124.0, 1.0, 1.0]
[19940202, 19941123.0, 1.0, 1.0]
[19940132, 19941122.0, 1.0, 1.0]
[19940131, 19941121.0, 1.0, 1.0]
[19940130, 19941120.0, 1.0, 1.0]
[19940129, 19941119.0, 1.0, 1.0]
[19940127, 19941118.0, 1.0, 1.0]
[19940126, 19941117.0, 1.0, 1.0]
[19940125, 19941116.0, 1.0, 1.0]
[19940124, 19941115.0, 1.0, 1.0]
[19940123, 19941114.0, 1.0, 1.0]
[19940122, 19941113.0, 1.0, 1.0]
[19940121, 19941112.0, 1.0, 1.0]
[19940120, 19941111.0, 1.0, 1.0]
[19940119, 19941110.0, 1.0, 1.0]
[19940118, 19941109.0, 1.0, 1.0]
[19940117, 19941108.0, 1.0, 1.0]
[19940116, 19941107.0, 1.0, 1.0]
[19940115, 19941106.0, 1.0, 1.0]
[19940114, 19941105.0, 1.0, 1.0]
[19940113, 19941104.0, 1.0, 1.0]
[19940112, 19941103.0, 1.0, 1.0]
[19940111, 19941102.0, 1.0, 1.0]
[19940110, 19941101.0, 1.0, 1.0]
[19940108, 19941030.0, 1.0, 1.0]
[19940106, 19941029.0, 1.0, 1.0]
[19940105, 19941028.0, 1.0, 1.0]
[19940104, 19941027.0, 1.0, 1.0]
[19940103, 19941026.0, 1.0, 1.0]
[19940102, 19941025.0, 1.0, 1.0]
[19940101, 19941024.0, 1.0, 1.0]
[19940207.0, 19941128.0, 1.0, 1.0]
[19940208.0, 19941129.0, 1.0, 1.0]
[19940210.0, 19941201.0, 1.0, 1.0]
[19940211.0, 19941202.0, 1.0, 1.0]
[19940212.0, 19941203.0, 1.0, 1.0]
[19940213.0, 19941204.0, 1.0, 1.0]
[19940214.0, 19941205.0, 1.0, 1.0]
[19940215.0, 19941206.0, 1.0, 1.0]
[19940216.0, 19941207.0, 1.0, 1.0]
[19940217.0, 19941208.0, 1.0, 1.0]
[19940218.0, 19941209.0, 1.0, 1.0]
[19940219.0, 19941210.0, 1.0, 1.0]
[19940220.0, 19941211.0, 1.0, 1.0]
[19940221.0, 19941212.0, 1.0, 1.0]
[19940222.0, 19941213.0, 1.0, 1.0]
[19940223.0, 19941214.0, 1.0, 1.0]
[19940224.0, 19941215.0, 1.0, 1.0]
[19940225.0, 19941216.0, 1.0, 1.0]
[19940226.0, 19941217.0, 1.0, 1.0]
[19940227.0, 19941218.0, 1.0, 1.0]
[19940228.0, 19941219.0, 1.0, 1.0]
[19940229.0, 19941220.0, 1.0, 1.0]
[19940302.0, 19941221.0, 1.0, 1.0]
[19940303.0, 19941222.0, 1.0, 1.0]
[19940304.0, 19941223.0, 1.0, 1.0]
[19940305.0, 19941224.0, 1.0, 1.0]
[19940306.0, 19941225.0, 1.0, 1.0]
[19940307.0, 19941226.0, 1.0, 1.0]
[19940308.0, 19941227.0, 1.0, 1.0]
[19940310.0, 19941229.0, 1.0, 1.0]
[19940312.0, 19941230.0, 1.0, 1.0]
[19940313.0, 19950101.0, 1.0, 1.0]

12

[19940101, 19950101.0, 1.0, 0.0]
[19940101, 19950101.0, 0.0, 1.0]
[19940205, 19941127.0, 1.0, 1.0]
[19940204, 19941125.0, 1.0, 1.0]
[19940203, 19941124.0, 1.0, 1.0]
[19940202, 19941123.0, 1.0, 1.0]
[19940132, 19941122.0, 1.0, 1.0]
[19940131, 19941121.0, 1.0, 1.0]
[19940130, 19941120.0, 1.0, 1.0]
[19940129, 19941119.0, 1.0, 1.0]
[19940127, 19941118.0, 1.0, 1.0]
[19940126, 19941117.0, 1.0, 1.0]
[19940125, 19941116.0, 1.0, 1.0]
[19940124, 19941115.0, 1.0, 1.0]
[19940123, 19941114.0, 1.0, 1.0]
[19940122, 19941113.0, 1.0, 1.0]
[19940121, 19941112.0, 1.0, 1.0]
[19940120, 19941111.0, 1.0, 1.0]
[19940119, 19941110.0, 1.0, 1.0]
[19940118, 19941109.0, 1.0, 1.0]
[19940117, 19941108.0, 1.0, 1.0]
[19940116, 19941107.0, 1.0, 1.0]
[19940115, 19941106.0, 1.0, 1.0]
[19940114, 19941105.0, 1.0, 1.0]
[19940113, 19941104.0, 1.0, 1.0]
[19940112, 19941103.0, 1.0, 1.0]
[19940111, 19941102.0, 1.0, 1.0]
[19940110, 19941101.0, 1.0, 1.0]
[19940108, 19941030.0, 1.0, 1.0]
[19940106, 19941029.0, 1.0, 1.0]
[19940105, 19941028.0, 1.0, 1.0]
[19940104, 19941027.0, 1.0, 1.0]
[19940103, 19941026.0, 1.0, 1.0]
[19940102, 19941025.0, 1.0, 1.0]
[19940101, 19941024.0, 1.0, 1.0]
[19940207.0, 19941128.0, 1.0, 1.0]
[19940208.0, 19941129.0, 1.0, 1.0]
[19940210.0, 19941201.0, 1.0, 1.0]
[19940211.0, 19941202.0, 1.0, 1.0]
[19940212.0, 19941203.0, 1.0, 1.0]
[19940213.0, 19941204.0, 1.0, 1.0]
[19940214.0, 19941205.0, 1.0, 1.0]
[19940215.0, 19941206.0, 1.0, 1.0]
[19940216.0, 19941207.0, 1.0, 1.0]
[19940217.0, 19941208.0, 1.0, 1.0]
[19940218.0, 19941209.0, 1.0, 1.0]
[19940219.0, 19941210.0, 1.0, 1.0]
[19940220.0, 19941211.0, 1.0, 1.0]
[19940221.0, 19941212.0, 1.0, 1.0]
[19940222.0, 19941213.0, 1.0, 1.0]
[19940223.0, 19941214.0, 1.0, 1.0]
[19940224.0, 19941215.0, 1.0, 1.0]
[19940225.0, 19941216.0, 1.0, 1.0]
[19940226.0, 19941217.0, 1.0, 1.0]
[19940227.0, 19941218.0, 1.0, 1.0]
[19940228.0, 19941219.0, 1.0, 1.0]
[19940229.0, 19941220.0, 1.0, 1.0]
[19940302.0, 19941221.0, 1.0, 1.0]
[19940303.0, 19941222.0, 1.0, 1.0]
[19940304.0, 19941223.0, 1.0, 1.0]
[19940305.0, 19941224.0, 1.0, 1.0]
[19940306.0, 19941225.0, 1.0, 1.0]
[19940307.0, 19941226.0, 1.0, 1.0]
[19940308.0, 19941227.0, 1.0, 1.0]
[19940310.0, 19941229.0, 1.0, 1.0]
[19940312.0, 19941230.0, 1.0, 1.0]
[19940313.0, 19950101.0, 1.0, 1.0]

13

[19940101, 19950101.0, 1.0, 0.0]
[19940101, 19950101.0, 0.0, 1.0]
[19940205, 19941127.0, 1.0, 1.0]
[19940204, 19941125.0, 1.0, 1.0]
[19940203, 19941124.0, 1.0, 1.0]
[19940202, 19941123.0, 1.0, 1.0]
[19940132, 19941122.0, 1.0, 1.0]
[19940131, 19941121.0, 1.0, 1.0]
[19940130, 19941120.0, 1.0, 1.0]
[19940129, 19941119.0, 1.0, 1.0]
[19940127, 19941118.0, 1.0, 1.0]
[19940126, 19941117.0, 1.0, 1.0]
[19940125, 19941116.0, 1.0, 1.0]
[19940124, 19941115.0, 1.0, 1.0]
[19940123, 19941114.0, 1.0, 1.0]
[19940122, 19941113.0, 1.0, 1.0]
[19940121, 19941112.0, 1.0, 1.0]
[19940120, 19941111.0, 1.0, 1.0]
[19940119, 19941110.0, 1.0, 1.0]
[19940118, 19941109.0, 1.0, 1.0]
[19940117, 19941108.0, 1.0, 1.0]
[19940116, 19941107.0, 1.0, 1.0]
[19940115, 19941106.0, 1.0, 1.0]
[19940114, 19941105.0, 1.0, 1.0]
[19940113, 19941104.0, 1.0, 1.0]
[19940112, 19941103.0, 1.0, 1.0]
[19940111, 19941102.0, 1.0, 1.0]
[19940110, 19941101.0, 1.0, 1.0]
[19940108, 19941030.0, 1.0, 1.0]
[19940106, 19941029.0, 1.0, 1.0]
[19940105, 19941028.0, 1.0, 1.0]
[19940104, 19941027.0, 1.0, 1.0]
[19940103, 19941026.0, 1.0, 1.0]
[19940102, 19941025.0, 1.0, 1.0]
[19940101, 19941024.0, 1.0, 1.0]
[19940207.0, 19941128.0, 1.0, 1.0]
[19940208.0, 19941129.0, 1.0, 1.0]
[19940210.0, 19941201.0, 1.0, 1.0]
[19940211.0, 19941202.0, 1.0, 1.0]
[19940212.0, 19941203.0, 1.0, 1.0]
[19940213.0, 19941204.0, 1.0, 1.0]
[19940214.0, 19941205.0, 1.0, 1.0]
[19940215.0, 19941206.0, 1.0, 1.0]
[19940216.0, 19941207.0, 1.0, 1.0]
[19940217.0, 19941208.0, 1.0, 1.0]
[19940218.0, 19941209.0, 1.0, 1.0]
[19940219.0, 19941210.0, 1.0, 1.0]
[19940220.0, 19941211.0, 1.0, 1.0]
[19940221.0, 19941212.0, 1.0, 1.0]
[19940222.0, 19941213.0, 1.0, 1.0]
[19940223.0, 19941214.0, 1.0, 1.0]
[19940224.0, 19941215.0, 1.0, 1.0]
[19940225.0, 19941216.0, 1.0, 1.0]
[19940226.0, 19941217.0, 1.0, 1.0]
[19940227.0, 19941218.0, 1.0, 1.0]
[19940228.0, 19941219.0, 1.0, 1.0]
[19940229.0, 19941220.0, 1.0, 1.0]
[19940302.0, 19941221.0, 1.0, 1.0]
[19940303.0, 19941222.0, 1.0, 1.0]
[19940304.0, 19941223.0, 1.0, 1.0]
[19940305.0, 19941224.0, 1.0, 1.0]
[19940306.0, 19941225.0, 1.0, 1.0]
[19940307.0, 19941226.0, 1.0, 1.0]
[19940308.0, 19941227.0, 1.0, 1.0]
[19940310.0, 19941229.0, 1.0, 1.0]
[19940312.0, 19941230.0, 1.0, 1.0]
[19940313.0, 19950101.0, 1.0, 1.0]
