selection file, result

0

[19950101.0, 19960101, 0.0, 0.0]
[19920426.0, 19960101, 1.0, 0.0]
[19920427.0, 19920419, 1.0, 0.0]
[19920428.0, 19920411, 1.0, 0.0]
[19920429.0, 19920409, 1.0, 0.0]
[19950101.0, 19920405, 1.0, 0.0]
[19950101.0, 19920312, 1.0, 1.0]
[19920403.0, 19960101, 1.0, 1.0]
[19920404.0, 19920322, 1.0, 1.0]
[19920405.0, 19920319, 1.0, 1.0]
[19920406.0, 19920316, 1.0, 1.0]
[19920407.0, 19920315, 1.0, 1.0]
[19920409.0, 19920313, 1.0, 1.0]
[19920427.0, 19960101, 0.0, 1.0]
[19920428.0, 19920411, 0.0, 1.0]
[19920429.0, 19920409, 0.0, 1.0]
[19920504.0, 19920407, 0.0, 1.0]
[19950101.0, 19920406, 0.0, 1.0]

1

[19950101.0, 19960101, 0.0, 0.0]
[19920530.0, 19960101, 1.0, 0.0]
[19920601.0, 19920519, 1.0, 0.0]
[19920602.0, 19920517, 1.0, 0.0]
[19920604.0, 19920513, 1.0, 0.0]
[19920605.0, 19920512, 1.0, 0.0]
[19920606.0, 19920511, 1.0, 0.0]
[19950101.0, 19920510, 1.0, 0.0]
[19950101.0, 19920330, 1.0, 1.0]
[19920421.0, 19960101, 1.0, 1.0]
[19920422.0, 19920407, 1.0, 1.0]
[19920423.0, 19920404, 1.0, 1.0]
[19920424.0, 19920403, 1.0, 1.0]
[19920426.0, 19920401, 1.0, 1.0]
[19920530.0, 19960101, 0.0, 1.0]
[19920601.0, 19920516, 0.0, 1.0]
[19920602.0, 19920514, 0.0, 1.0]

2

[19950101.0, 19960101, 0.0, 0.0]
[19920702.0, 19960101, 1.0, 0.0]
[19920703.0, 19920622, 1.0, 0.0]
[19920704.0, 19920617, 1.0, 0.0]
[19920705.0, 19920616, 1.0, 0.0]
[19920708.0, 19920615, 1.0, 0.0]
[19920710.0, 19920614, 1.0, 0.0]
[19920711.0, 19920613, 1.0, 0.0]
[19950101.0, 19920612, 1.0, 0.0]
[19950101.0, 19920418, 1.0, 1.0]
[19920507.0, 19960101, 1.0, 1.0]
[19920508.0, 19920501, 1.0, 1.0]
[19920509.0, 19920422, 1.0, 1.0]
[19920511.0, 19920421, 1.0, 1.0]
[19920512.0, 19920420, 1.0, 1.0]
[19920515.0, 19920419, 1.0, 1.0]
[19920704.0, 19960101, 0.0, 1.0]
[19920705.0, 19920621, 0.0, 1.0]
[19920707.0, 19920617, 0.0, 1.0]
[19920708.0, 19920615, 0.0, 1.0]

3

[19950101.0, 19960101, 0.0, 0.0]
[19920807.0, 19960101, 1.0, 0.0]
[19920808.0, 19920730, 1.0, 0.0]
[19920809.0, 19920726, 1.0, 0.0]
[19920810.0, 19920724, 1.0, 0.0]
[19920811.0, 19920722, 1.0, 0.0]
[19920812.0, 19920720, 1.0, 0.0]
[19920814.0, 19920719, 1.0, 0.0]
[19950101.0, 19920718, 1.0, 0.0]
[19950101.0, 19920504, 1.0, 1.0]
[19920523.0, 19960101, 1.0, 1.0]
[19920524.0, 19920513, 1.0, 1.0]
[19920525.0, 19920510, 1.0, 1.0]
[19920527.0, 19920508, 1.0, 1.0]
[19920528.0, 19920507, 1.0, 1.0]
[19920529.0, 19920506, 1.0, 1.0]
[19920530.0, 19920505, 1.0, 1.0]
[19920803.0, 19960101, 0.0, 1.0]
[19920804.0, 19920722, 0.0, 1.0]
[19920805.0, 19920718, 0.0, 1.0]
[19920806.0, 19920716, 0.0, 1.0]
[19920809.0, 19920715, 0.0, 1.0]
[19950101.0, 19920714, 0.0, 1.0]

4

[19950101.0, 19960101, 0.0, 0.0]
[19920810.0, 19960101, 1.0, 0.0]
[19920811.0, 19920730, 1.0, 0.0]
[19920813.0, 19920724, 1.0, 0.0]
[19920816.0, 19920723, 1.0, 0.0]
[19950101.0, 19920721, 1.0, 0.0]
[19950101.0, 19920509, 1.0, 1.0]
[19920530.0, 19960101, 1.0, 1.0]
[19920601.0, 19920517, 1.0, 1.0]
[19920602.0, 19920515, 1.0, 1.0]
[19920603.0, 19920512, 1.0, 1.0]
[19920604.0, 19920511, 1.0, 1.0]
[19920605.0, 19920510, 1.0, 1.0]
[19920814.0, 19960101, 0.0, 1.0]
[19920815.0, 19920730, 0.0, 1.0]
[19920816.0, 19920727, 0.0, 1.0]
[19920817.0, 19920726, 0.0, 1.0]
[19920819.0, 19920725, 0.0, 1.0]
[19950101.0, 19920724, 0.0, 1.0]

5

[19950101.0, 19960101, 0.0, 0.0]
[19920810.0, 19960101, 1.0, 0.0]
[19920811.0, 19920730, 1.0, 0.0]
[19920813.0, 19920724, 1.0, 0.0]
[19920816.0, 19920723, 1.0, 0.0]
[19950101.0, 19920721, 1.0, 0.0]
[19950101.0, 19920517, 1.0, 1.0]
[19920606.0, 19960101, 1.0, 1.0]
[19920607.0, 19920524, 1.0, 1.0]
[19920608.0, 19920522, 1.0, 1.0]
[19920609.0, 19920520, 1.0, 1.0]
[19920610.0, 19920518, 1.0, 1.0]
[19920827.0, 19960101, 0.0, 1.0]
[19920828.0, 19920818, 0.0, 1.0]
[19920829.0, 19920810, 0.0, 1.0]
[19920830.0, 19920809, 0.0, 1.0]
[19950101.0, 19920807, 0.0, 1.0]

6

[19950101.0, 19960101, 0.0, 0.0]
[19920810.0, 19960101, 1.0, 0.0]
[19920811.0, 19920730, 1.0, 0.0]
[19920813.0, 19920724, 1.0, 0.0]
[19920816.0, 19920723, 1.0, 0.0]
[19950101.0, 19920721, 1.0, 0.0]
[19950101.0, 19920517, 1.0, 1.0]
[19920606.0, 19960101, 1.0, 1.0]
[19920607.0, 19920524, 1.0, 1.0]
[19920608.0, 19920522, 1.0, 1.0]
[19920609.0, 19920520, 1.0, 1.0]
[19920610.0, 19920518, 1.0, 1.0]
[19920827.0, 19960101, 0.0, 1.0]
[19920828.0, 19920818, 0.0, 1.0]
[19920829.0, 19920810, 0.0, 1.0]
[19920830.0, 19920809, 0.0, 1.0]
[19950101.0, 19920807, 0.0, 1.0]

7

[19950101.0, 19960101, 0.0, 0.0]
[19920810.0, 19960101, 1.0, 0.0]
[19920811.0, 19920730, 1.0, 0.0]
[19920813.0, 19920724, 1.0, 0.0]
[19920816.0, 19920723, 1.0, 0.0]
[19950101.0, 19920721, 1.0, 0.0]
[19950101.0, 19920517, 1.0, 1.0]
[19920606.0, 19960101, 1.0, 1.0]
[19920607.0, 19920524, 1.0, 1.0]
[19920608.0, 19920522, 1.0, 1.0]
[19920609.0, 19920520, 1.0, 1.0]
[19920610.0, 19920518, 1.0, 1.0]
[19920827.0, 19960101, 0.0, 1.0]
[19920828.0, 19920818, 0.0, 1.0]
[19920829.0, 19920810, 0.0, 1.0]
[19920830.0, 19920809, 0.0, 1.0]
[19950101.0, 19920807, 0.0, 1.0]

8

[19950101.0, 19960101, 0.0, 0.0]
[19920810.0, 19960101, 1.0, 0.0]
[19920811.0, 19920730, 1.0, 0.0]
[19920813.0, 19920724, 1.0, 0.0]
[19920816.0, 19920723, 1.0, 0.0]
[19950101.0, 19920721, 1.0, 0.0]
[19950101.0, 19920517, 1.0, 1.0]
[19920606.0, 19960101, 1.0, 1.0]
[19920607.0, 19920524, 1.0, 1.0]
[19920608.0, 19920522, 1.0, 1.0]
[19920609.0, 19920520, 1.0, 1.0]
[19920610.0, 19920518, 1.0, 1.0]
[19920827.0, 19960101, 0.0, 1.0]
[19920828.0, 19920818, 0.0, 1.0]
[19920829.0, 19920810, 0.0, 1.0]
[19920830.0, 19920809, 0.0, 1.0]
[19950101.0, 19920807, 0.0, 1.0]

9

[19950101.0, 19960101, 0.0, 0.0]
[19920810.0, 19960101, 1.0, 0.0]
[19920811.0, 19920730, 1.0, 0.0]
[19920813.0, 19920724, 1.0, 0.0]
[19920816.0, 19920723, 1.0, 0.0]
[19950101.0, 19920721, 1.0, 0.0]
[19950101.0, 19920517, 1.0, 1.0]
[19920606.0, 19960101, 1.0, 1.0]
[19920607.0, 19920524, 1.0, 1.0]
[19920608.0, 19920522, 1.0, 1.0]
[19920609.0, 19920520, 1.0, 1.0]
[19920610.0, 19920518, 1.0, 1.0]
[19920827.0, 19960101, 0.0, 1.0]
[19920828.0, 19920818, 0.0, 1.0]
[19920829.0, 19920810, 0.0, 1.0]
[19920830.0, 19920809, 0.0, 1.0]
[19950101.0, 19920807, 0.0, 1.0]

10

[19950101.0, 19960101, 0.0, 0.0]
[19920810.0, 19960101, 1.0, 0.0]
[19920811.0, 19920730, 1.0, 0.0]
[19920813.0, 19920724, 1.0, 0.0]
[19920816.0, 19920723, 1.0, 0.0]
[19950101.0, 19920721, 1.0, 0.0]
[19950101.0, 19920517, 1.0, 1.0]
[19920606.0, 19960101, 1.0, 1.0]
[19920607.0, 19920524, 1.0, 1.0]
[19920608.0, 19920522, 1.0, 1.0]
[19920609.0, 19920520, 1.0, 1.0]
[19920610.0, 19920518, 1.0, 1.0]
[19920827.0, 19960101, 0.0, 1.0]
[19920828.0, 19920818, 0.0, 1.0]
[19920829.0, 19920810, 0.0, 1.0]
[19920830.0, 19920809, 0.0, 1.0]
[19950101.0, 19920807, 0.0, 1.0]
