selection file, result

0

[100, 0.0, 0.0, 1.0]
[100, 1.0, 1.0, 0.0]
[124, 0.0, 1.0, 0.0]
[186, 0.0, 1.0, 1.0]
[100, 4.0, 1.0, 1.0]
[130, 3.0, 1.0, 1.0]
[162, 2.0, 1.0, 1.0]
[179, 1.0, 1.0, 1.0]

1

[100, 1.0, 1.0, 0.0]
[100, 1.0, 0.0, 1.0]
[100, 4.0, 1.0, 1.0]
[130, 3.0, 1.0, 1.0]
[162, 2.0, 1.0, 1.0]
[179, 1.0, 1.0, 1.0]

2

[100, 2.0, 1.0, 0.0]
[100, 2.0, 0.0, 1.0]
[100, 4.0, 1.0, 1.0]
[130, 3.0, 1.0, 1.0]
[162, 2.0, 1.0, 1.0]

3

[100, 3.0, 1.0, 0.0]
[100, 3.0, 0.0, 1.0]
[100, 4.0, 1.0, 1.0]
[130, 3.0, 1.0, 1.0]

4



5



6



7


