selection file, result

0



1



2

[19950505.0, 19950522, 1.0]
[19950507.0, 19950523, 1.0]
[19950509.0, 19950524, 1.0]
[19950504.0, 19950520, 1.0]

3

[19950809, 19950817.0, 1.0]
[19950810, 19950818.0, 1.0]
[19950811, 19950820.0, 1.0]
[19950814, 19950821.0, 1.0]
[19950815, 19950823.0, 1.0]
[19950805.0, 19950815.0, 1.0]
[19950802.0, 19950813.0, 1.0]
[19950730.0, 19950810.0, 1.0]
[19950806.0, 19950816.0, 1.0]

4

[19951106, 19951119.0, 1.0]
[19951108, 19951120.0, 1.0]
[19951109, 19951121.0, 1.0]
[19951103.0, 19951117.0, 1.0]
[19951102.0, 19951115.0, 1.0]
[19951030.0, 19951112.0, 1.0]
[19951104.0, 19951118.0, 1.0]

5

[19960207, 19960216.0, 1.0]
[19960208, 19960217.0, 1.0]
[19960210, 19960218.0, 1.0]
[19960211, 19960219.0, 1.0]
[19960205.0, 19960214.0, 1.0]
[19960202.0, 19960212.0, 1.0]
[19960130.0, 19960209.0, 1.0]
[19960206.0, 19960215.0, 1.0]

6

[19960506, 19960520.0, 1.0]
[19960507, 19960521.0, 1.0]
[19960508, 19960523.0, 1.0]
[19960509, 19960525.0, 1.0]
[19960511, 19960526.0, 1.0]
[19960512, 19960527.0, 1.0]
[19960504.0, 19960518.0, 1.0]
[19960502.0, 19960515.0, 1.0]
[19960505.0, 19960519.0, 1.0]

7

[19960805, 19960820.0, 1.0]
[19960806, 19960821.0, 1.0]
[19960807, 19960822.0, 1.0]
[19960808, 19960823.0, 1.0]
[19960809, 19960825.0, 1.0]
[19960810, 19960826.0, 1.0]
[19960812, 19960827.0, 1.0]
[19960814, 19960828.0, 1.0]
[19960803.0, 19960817.0, 1.0]
[19960802.0, 19960816.0, 1.0]
