selection file, result

1

[19950120.0, 19950511, 1.0]
[19950121.0, 19950513, 1.0]
[19950122.0, 19950514, 1.0]
[19950123.0, 19950515, 1.0]
[19950124.0, 19950516, 1.0]
[19950125.0, 19950517, 1.0]
[19950127.0, 19950518, 1.0]
[19950128.0, 19950520, 1.0]
[19950119.0, 19950509, 1.0]
[19950116.0, 19950507, 1.0]
[19950114.0, 19950504, 1.0]

2

[19950121.0, 19950512, 1.0]
[19950123.0, 19950514, 1.0]
[19950124.0, 19950515, 1.0]
[19950120.0, 19950510, 1.0]
[19950118.0, 19950508, 1.0]
[19950115.0, 19950506, 1.0]
[19950114.0, 19950504, 1.0]
[19950111.0, 19950502, 1.0]
[19950109.0, 19950430, 1.0]
[19950107.0, 19950428, 1.0]
[19950105.0, 19950426, 1.0]
[19950102.0, 19950424, 1.0]
[19941230.0, 19950420, 1.0]

3

[19950121.0, 19950512, 1.0]
[19950122.0, 19950513, 1.0]
[19950123.0, 19950514, 1.0]
[19950124.0, 19950515, 1.0]
[19950125.0, 19950516, 1.0]
[19950126.0, 19950517, 1.0]
[19950127.0, 19950518, 1.0]
[19950128.0, 19950519, 1.0]
[19950129.0, 19950520, 1.0]
[19950130.0, 19950521, 1.0]
[19950201.0, 19950523, 1.0]
[19950202.0, 19950524, 1.0]
[19950120.0, 19950510, 1.0]
[19950118.0, 19950508, 1.0]
[19950116.0, 19950506, 1.0]
[19950114.0, 19950504, 1.0]
[19950111.0, 19950502, 1.0]
[19950109.0, 19950430, 1.0]
[19950107.0, 19950428, 1.0]
[19950105.0, 19950426, 1.0]
[19950103.0, 19950424, 1.0]
[19950101.0, 19950422, 1.0]
[19941230.0, 19950420, 1.0]
[19941228.0, 19950418, 1.0]
[19941226.0, 19950416, 1.0]
[19941224.0, 19950413, 1.0]
