selection file, result

0

[19930506, 19930712.0, 1.0]
[19930505, 19930711.0, 1.0]
[19930504, 19930710.0, 1.0]
[19930503, 19930709.0, 1.0]
[19930502, 19930708.0, 1.0]
[19930431, 19930707.0, 1.0]
[19930430, 19930706.0, 1.0]
[19930429, 19930704.0, 1.0]
[19930427, 19930703.0, 1.0]
[19930426, 19930702.0, 1.0]
[19930508.0, 19930714.0, 1.0]
[19930510.0, 19930716.0, 1.0]
[19930512.0, 19930719.0, 1.0]
[19930507.0, 19930713.0, 1.0]

1

[19930606, 19930812.0, 1.0]
[19930605, 19930811.0, 1.0]
[19930604, 19930810.0, 1.0]
[19930603, 19930809.0, 1.0]
[19930602, 19930808.0, 1.0]
[19930532, 19930807.0, 1.0]
[19930531, 19930806.0, 1.0]
[19930530, 19930805.0, 1.0]
[19930529, 19930804.0, 1.0]
[19930528, 19930803.0, 1.0]
[19930527, 19930802.0, 1.0]
[19930526, 19930801.0, 1.0]
[19930524, 19930730.0, 1.0]
[19930523, 19930729.0, 1.0]
[19930608.0, 19930814.0, 1.0]
[19930610.0, 19930816.0, 1.0]
[19930612.0, 19930818.0, 1.0]
[19930614.0, 19930820.0, 1.0]
[19930616.0, 19930822.0, 1.0]
[19930618.0, 19930824.0, 1.0]
[19930621.0, 19930826.0, 1.0]
[19930623.0, 19930828.0, 1.0]
[19930625.0, 19930830.0, 1.0]
[19930627.0, 19930901.0, 1.0]
[19930629.0, 19930903.0, 1.0]
[19930631.0, 19930905.0, 1.0]
[19930703.0, 19930907.0, 1.0]
[19930705.0, 19930910.0, 1.0]
[19930607.0, 19930813.0, 1.0]

2

[19930707, 19930912.0, 1.0]
[19930706, 19930911.0, 1.0]
[19930705, 19930910.0, 1.0]
[19930704, 19930908.0, 1.0]
[19930703, 19930907.0, 1.0]
[19930702, 19930906.0, 1.0]
[19930631, 19930905.0, 1.0]
[19930630, 19930904.0, 1.0]
[19930629, 19930903.0, 1.0]
[19930628, 19930902.0, 1.0]
[19930627, 19930901.0, 1.0]
[19930625, 19930830.0, 1.0]
[19930624, 19930829.0, 1.0]
[19930709.0, 19930914.0, 1.0]
[19930712.0, 19930917.0, 1.0]
[19930708.0, 19930913.0, 1.0]

3

[19930805, 19931011.0, 1.0]
[19930804, 19931010.0, 1.0]
[19930803, 19931009.0, 1.0]
[19930802, 19931008.0, 1.0]
[19930732, 19931007.0, 1.0]
[19930731, 19931006.0, 1.0]
[19930730, 19931005.0, 1.0]
[19930729, 19931004.0, 1.0]
[19930728, 19931003.0, 1.0]
[19930727, 19931002.0, 1.0]
[19930726, 19931001.0, 1.0]
[19930724, 19930929.0, 1.0]
[19930723, 19930928.0, 1.0]
[19930808.0, 19931013.0, 1.0]
[19930810.0, 19931015.0, 1.0]
[19930813.0, 19931018.0, 1.0]
[19930807.0, 19931012.0, 1.0]

4

[19930906, 19931110.0, 1.0]
[19930905, 19931109.0, 1.0]
[19930904, 19931108.0, 1.0]
[19930903, 19931107.0, 1.0]
[19930902, 19931106.0, 1.0]
[19930832, 19931105.0, 1.0]
[19930831, 19931104.0, 1.0]
[19930830, 19931103.0, 1.0]
[19930829, 19931102.0, 1.0]
[19930828, 19931101.0, 1.0]
[19930825, 19931030.0, 1.0]
[19930824, 19931029.0, 1.0]
[19930908.0, 19931112.0, 1.0]
[19930910.0, 19931114.0, 1.0]
[19930912.0, 19931116.0, 1.0]
[19930914.0, 19931118.0, 1.0]
[19930916.0, 19931120.0, 1.0]
[19930918.0, 19931122.0, 1.0]
[19930920.0, 19931124.0, 1.0]
[19930922.0, 19931126.0, 1.0]
[19930924.0, 19931128.0, 1.0]
[19930927.0, 19931201.0, 1.0]
[19930907.0, 19931111.0, 1.0]

5

[19931006, 19931211.0, 1.0]
[19931005, 19931210.0, 1.0]
[19931004, 19931209.0, 1.0]
[19931003, 19931208.0, 1.0]
[19931002, 19931207.0, 1.0]
[19930931, 19931206.0, 1.0]
[19930930, 19931205.0, 1.0]
[19930929, 19931204.0, 1.0]
[19930928, 19931202.0, 1.0]
[19930927, 19931201.0, 1.0]
[19930925, 19931129.0, 1.0]
[19930924, 19931128.0, 1.0]
[19931008.0, 19931213.0, 1.0]
[19931010.0, 19931216.0, 1.0]
[19931007.0, 19931212.0, 1.0]

6

[19931105, 19940111.0, 1.0]
[19931104, 19940110.0, 1.0]
[19931103, 19940109.0, 1.0]
[19931102, 19940108.0, 1.0]
[19931031, 19940107.0, 1.0]
[19931030, 19940105.0, 1.0]
[19931107.0, 19940113.0, 1.0]
[19931109.0, 19940115.0, 1.0]
[19931111.0, 19940117.0, 1.0]
[19931113.0, 19940119.0, 1.0]
[19931115.0, 19940121.0, 1.0]
[19931118.0, 19940123.0, 1.0]
[19931120.0, 19940125.0, 1.0]
[19931122.0, 19940127.0, 1.0]
[19931124.0, 19940129.0, 1.0]
[19931128.0, 19940201.0, 1.0]
[19931106.0, 19940112.0, 1.0]

7



8


