selection file, result

1

[1, 0, 0, 19930409, 19930713]
[1, 1, 0, 19930408.0, 19930712]
[1, 1, 0, 19930407.0, 19930710]
[0, 0.0, 1, 19930407.0, 19940201]
[0, 1.0, 0, 19930407.0, 19940201]
[1, 0, 0, 19940418, 19940721]

2

[1, 0, 0, 19930415, 19930721]
[1, 0, 0, 19940409, 19940713]
[0, 1, 0, 19930415.0, 19940713]

3

[1, 0, 0, 19930430, 19930806]
[1, 0, 0, 19940325, 19940627]
[0, 1, 0, 19930430.0, 19940627]

4

[1, 0, 0, 19930515, 19930819]
[1, 0, 0, 19940310, 19940613]
[0, 1, 0, 19930515.0, 19940613]

5

[1, 0, 0, 19930530, 19930902]
[1, 0, 0, 19940225, 19940530]
[0, 1, 0, 19930530.0, 19940530]

6

[1, 0, 0, 19930615, 19930916]
[1, 0, 0, 19940210, 19940516]
[0, 1, 0, 19930615.0, 19940516]

7

[1, 0, 0, 19930630, 19931002]
[1, 0, 0, 19940124, 19940429]
[0, 1, 0, 19930630.0, 19940430]

8

[1, 0, 0, 19930715, 19931018]
[1, 0, 0, 19940108, 19940412]
[0, 1, 0, 19930715.0, 19940414]
