selection file, result

1

[1, 0, 0, 0, 0, 19941021, 19941019]
[1, 0, 0, 0, 1, 19941025, 19941101]
[1, 1.0, 0.0, 0.0, 0.0, 19941022, 19941124.0]
[1, 0, 1.0, 0.0, 0.0, 19941022, 19941124.0]
[1, 1, 1.0, 0.0, 0.0, 19941022, 19941209.0]
[1, 0, 0, 0, 1.0, 19941022, 19941121.0]
[1, 0, 0, 1.0, 0.0, 19941022, 19941209.0]
[1, 0, 1, 1, 1.0, 19941022, 19941218.0]
[1, 1, 1, 1.0, 0.0, 19941022, 19941219.0]
[1, 1, 1, 1, 1.0, 19941022, 19941223.0]

2

[1, 0, 0, 0, 0, 19941021, 19941019]
[1, 0, 0, 0, 1, 19941025, 19941101]
[1, 1.0, 0.0, 0.0, 0.0, 19941022, 19941124.0]
[1, 0, 1.0, 0.0, 0.0, 19941022, 19941124.0]
[1, 1, 1.0, 0.0, 0.0, 19941022, 19941209.0]
[1, 0, 0, 0, 1.0, 19941022, 19941121.0]
[1, 0, 0, 1.0, 0.0, 19941022, 19941209.0]
[1, 0, 1, 1, 1.0, 19941022, 19941218.0]
[1, 1, 1, 1.0, 0.0, 19941022, 19941219.0]
[1, 1, 1, 1, 1.0, 19941022, 19941223.0]

3

[1, 0, 0, 0, 0, 19941021, 19941019]
[1, 0, 0, 0, 1, 19941025, 19941101]
[1, 1.0, 0.0, 0.0, 0.0, 19941023, 19941124.0]
[1, 0, 1.0, 0.0, 0.0, 19941023, 19941125.0]
[1, 1, 1.0, 0.0, 0.0, 19941023, 19941209.0]
[1, 0, 0, 0, 1.0, 19941023, 19941122.0]
[1, 0, 0, 1.0, 0.0, 19941023, 19941211.0]
[1, 0, 1, 1, 1.0, 19941023, 19941219.0]
[1, 1, 1, 1.0, 0.0, 19941023, 19941220.0]
[1, 1, 1, 1, 1.0, 19941023, 19941225.0]

4

[1, 0, 0, 0, 0, 19941021, 19941019]
[1, 0, 0, 0, 1, 19941025, 19941101]
[1, 1.0, 0.0, 0.0, 0.0, 19941022, 19941124.0]
[1, 0, 1.0, 0.0, 0.0, 19941022, 19941124.0]
[1, 1, 1.0, 0.0, 0.0, 19941022, 19941209.0]
[1, 0, 0, 0, 1.0, 19941022, 19941121.0]
[1, 0, 0, 1.0, 0.0, 19941022, 19941209.0]
[1, 0, 1, 1, 1.0, 19941022, 19941218.0]
[1, 1, 1, 1.0, 0.0, 19941022, 19941219.0]
[1, 1, 1, 1, 1.0, 19941022, 19941223.0]

5

[1, 0, 0, 0, 0, 19941021, 19941019]
[1, 0, 0, 0, 1, 19941025, 19941101]
[1, 1.0, 0.0, 0.0, 0.0, 19941022, 19941124.0]
[1, 0, 1.0, 0.0, 0.0, 19941022, 19941124.0]
[1, 1, 1.0, 0.0, 0.0, 19941022, 19941209.0]
[1, 0, 0, 0, 1.0, 19941022, 19941121.0]
[1, 0, 0, 1.0, 0.0, 19941022, 19941209.0]
[1, 0, 1, 1, 1.0, 19941022, 19941218.0]
[1, 1, 1, 1.0, 0.0, 19941022, 19941219.0]
[1, 1, 1, 1, 1.0, 19941022, 19941223.0]
[0, 0, 0, 0, 1, 19960628, 19950328.0]

6

[1, 0, 0, 0, 0, 19941021, 19941019]
[1, 0, 0, 0, 1, 19941025, 19941101]
[1, 1.0, 0.0, 0.0, 0.0, 19941022, 19941124.0]
[1, 0, 1.0, 0.0, 0.0, 19941022, 19941124.0]
[1, 1, 1.0, 0.0, 0.0, 19941022, 19941209.0]
[1, 0, 0, 0, 1.0, 19941022, 19941121.0]
[1, 0, 0, 1.0, 0.0, 19941022, 19941209.0]
[1, 0, 1, 1, 1.0, 19941022, 19941218.0]
[1, 1, 1, 1.0, 0.0, 19941022, 19941219.0]
[1, 1, 1, 1, 1.0, 19941022, 19941223.0]
[0, 0, 0, 0, 1, 19961028, 19950328.0]

7

[1, 0, 0, 0, 0, 19941021, 19941019]
[1, 0, 0, 0, 1, 19941025, 19941101]
[1, 1.0, 0.0, 0.0, 0.0, 19941022, 19941124.0]
[1, 0, 1.0, 0.0, 0.0, 19941022, 19941124.0]
[1, 1, 1.0, 0.0, 0.0, 19941022, 19941209.0]
[1, 0, 0, 0, 1.0, 19941022, 19941121.0]
[1, 0, 0, 1.0, 0.0, 19941022, 19941209.0]
[1, 0, 1, 1, 1.0, 19941022, 19941218.0]
[1, 1, 1, 1.0, 0.0, 19941022, 19941219.0]
[1, 1, 1, 1, 1.0, 19941022, 19941223.0]
[0, 0, 0, 0, 1, 19970228, 19950328.0]

8

[1, 0, 0, 0, 0, 19941021, 19941019]
[1, 0, 0, 0, 1, 19941025, 19941101]
[1, 1.0, 0.0, 0.0, 0.0, 19941022, 19941124.0]
[1, 0, 1.0, 0.0, 0.0, 19941022, 19941124.0]
[1, 1, 1.0, 0.0, 0.0, 19941022, 19941209.0]
[1, 0, 0, 0, 1.0, 19941022, 19941121.0]
[1, 0, 0, 1.0, 0.0, 19941022, 19941209.0]
[1, 0, 1, 1, 1.0, 19941022, 19941218.0]
[1, 1, 1, 1.0, 0.0, 19941022, 19941219.0]
[1, 1, 1, 1, 1.0, 19941022, 19941223.0]
[0, 0, 0, 0, 1, 19970628, 19950328.0]
