selection file, result

0

[19950305.0, 19950327, 1.0]
[19950306.0, 19950328, 1.0]
[19950308.0, 19950329, 1.0]
[19950309.0, 19950330, 1.0]
[19950302.0, 19950325, 1.0]
[19950227.0, 19950323, 1.0]
[19950226.0, 19950321, 1.0]
[19950225.0, 19950319, 1.0]
[19950223.0, 19950316, 1.0]
[19950303.0, 19950326, 1.0]

1

[19950305.0, 19950327, 1.0]
[19950306.0, 19950328, 1.0]
[19950308.0, 19950329, 1.0]
[19950309.0, 19950330, 1.0]
[19950302.0, 19950325, 1.0]
[19950227.0, 19950323, 1.0]
[19950226.0, 19950321, 1.0]
[19950225.0, 19950319, 1.0]
[19950223.0, 19950316, 1.0]
[19950303.0, 19950326, 1.0]

2

[19950305.0, 19950327, 1.0]
[19950306.0, 19950328, 1.0]
[19950308.0, 19950329, 1.0]
[19950309.0, 19950330, 1.0]
[19950302.0, 19950325, 1.0]
[19950227.0, 19950323, 1.0]
[19950226.0, 19950321, 1.0]
[19950225.0, 19950319, 1.0]
[19950223.0, 19950316, 1.0]
[19950303.0, 19950326, 1.0]

3

[19950305.0, 19950327, 1.0]
[19950306.0, 19950328, 1.0]
[19950308.0, 19950329, 1.0]
[19950309.0, 19950330, 1.0]
[19950302.0, 19950325, 1.0]
[19950227.0, 19950323, 1.0]
[19950226.0, 19950321, 1.0]
[19950225.0, 19950319, 1.0]
[19950223.0, 19950316, 1.0]
[19950303.0, 19950326, 1.0]

4

[19950305.0, 19950327, 1.0]
[19950306.0, 19950328, 1.0]
[19950308.0, 19950329, 1.0]
[19950309.0, 19950330, 1.0]
[19950302.0, 19950325, 1.0]
[19950227.0, 19950323, 1.0]
[19950226.0, 19950321, 1.0]
[19950225.0, 19950319, 1.0]
[19950223.0, 19950316, 1.0]
[19950303.0, 19950326, 1.0]

5

[19950305.0, 19950327, 1.0]
[19950306.0, 19950328, 1.0]
[19950308.0, 19950329, 1.0]
[19950309.0, 19950330, 1.0]
[19950302.0, 19950325, 1.0]
[19950227.0, 19950323, 1.0]
[19950226.0, 19950321, 1.0]
[19950225.0, 19950319, 1.0]
[19950223.0, 19950316, 1.0]
[19950303.0, 19950326, 1.0]

6

[19950305.0, 19950327, 1.0]
[19950306.0, 19950328, 1.0]
[19950308.0, 19950329, 1.0]
[19950309.0, 19950330, 1.0]
[19950302.0, 19950325, 1.0]
[19950227.0, 19950323, 1.0]
[19950226.0, 19950321, 1.0]
[19950225.0, 19950319, 1.0]
[19950223.0, 19950316, 1.0]
[19950303.0, 19950326, 1.0]

7

[19950305.0, 19950327, 1.0]
[19950306.0, 19950328, 1.0]
[19950308.0, 19950329, 1.0]
[19950309.0, 19950330, 1.0]
[19950302.0, 19950325, 1.0]
[19950227.0, 19950323, 1.0]
[19950226.0, 19950321, 1.0]
[19950225.0, 19950319, 1.0]
[19950223.0, 19950316, 1.0]
[19950303.0, 19950326, 1.0]

8

[19950305.0, 19950327, 1.0]
[19950306.0, 19950328, 1.0]
[19950308.0, 19950329, 1.0]
[19950309.0, 19950330, 1.0]
[19950302.0, 19950325, 1.0]
[19950227.0, 19950323, 1.0]
[19950226.0, 19950321, 1.0]
[19950225.0, 19950319, 1.0]
[19950223.0, 19950316, 1.0]
[19950303.0, 19950326, 1.0]

9

[19950305.0, 19950327, 1.0]
[19950306.0, 19950328, 1.0]
[19950308.0, 19950329, 1.0]
[19950309.0, 19950330, 1.0]
[19950302.0, 19950325, 1.0]
[19950227.0, 19950323, 1.0]
[19950226.0, 19950321, 1.0]
[19950225.0, 19950319, 1.0]
[19950223.0, 19950316, 1.0]
[19950303.0, 19950326, 1.0]
