selection file, result

1

[19950105, 19950309.0, 1.0, 1.0, 1.0, 1.0]
[19950104, 19950308.0, 1.0, 1.0, 1.0, 1.0]
[19950104, 19950228.0, 0.0, 1.0, 1.0, 1.0]
[19950104, 19950216.0, 0.0, 0.0, 1.0, 1.0]
[19950104, 19950131.0, 0.0, 0.0, 0.0, 1.0]
[19950104, 19941220.0, 0.0, 0.0, 0.0, 0.0]
[19950104, 19950127.0, 0.0, 0.0, 1.0, 0.0]
[19950104, 19950215.0, 0.0, 1.0, 1.0, 0.0]
[19950104, 19950301.0, 1.0, 0.0, 1.0, 1.0]
[19950104, 19950219.0, 1.0, 0.0, 0.0, 1.0]
[19950104, 19950202.0, 1.0, 0.0, 0.0, 0.0]
[19950104, 19950217.0, 1.0, 0.0, 1.0, 0.0]
[19950104, 19950302.0, 1.0, 1.0, 0.0, 1.0]
[19950104, 19950218.0, 1.0, 1.0, 0.0, 0.0]
[19950104, 19950228.0, 1.0, 1.0, 1.0, 0.0]
[19950103, 19950307.0, 1.0, 1.0, 1.0, 1.0]
[19950103, 19950227.0, 0.0, 1.0, 1.0, 1.0]
[19950103, 19950215.0, 0.0, 0.0, 1.0, 1.0]
[19950103, 19950130.0, 0.0, 0.0, 0.0, 1.0]
[19950103, 19941219.0, 0.0, 0.0, 0.0, 0.0]
[19950103, 19950125.0, 0.0, 0.0, 1.0, 0.0]
[19950103, 19950217.0, 0.0, 1.0, 0.0, 1.0]
[19950103, 19950130.0, 0.0, 1.0, 0.0, 0.0]
[19950103, 19950214.0, 0.0, 1.0, 1.0, 0.0]
[19950103, 19950228.0, 1.0, 0.0, 1.0, 1.0]
[19950103, 19950218.0, 1.0, 0.0, 0.0, 1.0]
[19950103, 19950201.0, 1.0, 0.0, 0.0, 0.0]
[19950103, 19950216.0, 1.0, 0.0, 1.0, 0.0]
[19950103, 19950301.0, 1.0, 1.0, 0.0, 1.0]
[19950103, 19950217.0, 1.0, 1.0, 0.0, 0.0]
[19950103, 19950227.0, 1.0, 1.0, 1.0, 0.0]
[19950102, 19950306.0, 1.0, 1.0, 1.0, 1.0]
[19950102, 19950226.0, 0.0, 1.0, 1.0, 1.0]
[19950102, 19950214.0, 0.0, 0.0, 1.0, 1.0]
[19950102, 19950129.0, 0.0, 0.0, 0.0, 1.0]
[19950102, 19941217.0, 0.0, 0.0, 0.0, 0.0]
[19950102, 19950124.0, 0.0, 0.0, 1.0, 0.0]
[19950102, 19950215.0, 0.0, 1.0, 0.0, 1.0]
[19950102, 19950127.0, 0.0, 1.0, 0.0, 0.0]
[19950102, 19950212.0, 0.0, 1.0, 1.0, 0.0]
[19950102, 19950227.0, 1.0, 0.0, 1.0, 1.0]
[19950102, 19950217.0, 1.0, 0.0, 0.0, 1.0]
[19950102, 19950131.0, 1.0, 0.0, 0.0, 0.0]
[19950102, 19950214.0, 1.0, 0.0, 1.0, 0.0]
[19950102, 19950228.0, 1.0, 1.0, 0.0, 1.0]
[19950102, 19950216.0, 1.0, 1.0, 0.0, 0.0]
[19950102, 19950226.0, 1.0, 1.0, 1.0, 0.0]
[19950101, 19950304.0, 1.0, 1.0, 1.0, 1.0]
[19950101, 19950224.0, 0.0, 1.0, 1.0, 1.0]
[19950101, 19950212.0, 0.0, 0.0, 1.0, 1.0]
[19950101, 19950127.0, 0.0, 0.0, 0.0, 1.0]
[19950101, 19941216.0, 0.0, 0.0, 0.0, 0.0]
[19950101, 19950123.0, 0.0, 0.0, 1.0, 0.0]
[19950101, 19950214.0, 0.0, 1.0, 0.0, 1.0]
[19950101, 19950126.0, 0.0, 1.0, 0.0, 0.0]
[19950101, 19950211.0, 0.0, 1.0, 1.0, 0.0]
[19950101, 19950226.0, 1.0, 0.0, 1.0, 1.0]
[19950101, 19950216.0, 1.0, 0.0, 0.0, 1.0]
[19950101, 19950213.0, 1.0, 0.0, 1.0, 0.0]
[19950101, 19950226.0, 1.0, 1.0, 0.0, 1.0]
[19950101, 19950215.0, 1.0, 1.0, 0.0, 0.0]
[19950101, 19950224.0, 1.0, 1.0, 1.0, 0.0]
[19941231, 19950303.0, 1.0, 1.0, 1.0, 1.0]
[19941231, 19950222.0, 0.0, 1.0, 1.0, 1.0]
[19941231, 19950211.0, 0.0, 0.0, 1.0, 1.0]
[19941231, 19950126.0, 0.0, 0.0, 0.0, 1.0]
[19941231, 19941215.0, 0.0, 0.0, 0.0, 0.0]
[19941231, 19950122.0, 0.0, 0.0, 1.0, 0.0]
[19941231, 19950213.0, 0.0, 1.0, 0.0, 1.0]
[19941231, 19950125.0, 0.0, 1.0, 0.0, 0.0]
[19941231, 19950210.0, 0.0, 1.0, 1.0, 0.0]
[19941231, 19950224.0, 1.0, 0.0, 1.0, 1.0]
[19941231, 19950215.0, 1.0, 0.0, 0.0, 1.0]
[19941231, 19950130.0, 1.0, 0.0, 0.0, 0.0]
[19941231, 19950212.0, 1.0, 0.0, 1.0, 0.0]
[19941231, 19950225.0, 1.0, 1.0, 0.0, 1.0]
[19941231, 19950214.0, 1.0, 1.0, 0.0, 0.0]
[19941231, 19950223.0, 1.0, 1.0, 1.0, 0.0]
[19941230, 19950302.0, 1.0, 1.0, 1.0, 1.0]
[19941230, 19950221.0, 0.0, 1.0, 1.0, 1.0]
[19941230, 19950210.0, 0.0, 0.0, 1.0, 1.0]
[19941230, 19950125.0, 0.0, 0.0, 0.0, 1.0]
[19941230, 19941214.0, 0.0, 0.0, 0.0, 0.0]
[19941230, 19950120.0, 0.0, 0.0, 1.0, 0.0]
[19941230, 19950211.0, 0.0, 1.0, 0.0, 1.0]
[19941230, 19950124.0, 0.0, 1.0, 0.0, 0.0]
[19941230, 19950209.0, 0.0, 1.0, 1.0, 0.0]
[19941230, 19950223.0, 1.0, 0.0, 1.0, 1.0]
[19941230, 19950213.0, 1.0, 0.0, 0.0, 1.0]
[19941230, 19950128.0, 1.0, 0.0, 0.0, 0.0]
[19941230, 19950211.0, 1.0, 0.0, 1.0, 0.0]
[19941230, 19950224.0, 1.0, 1.0, 0.0, 1.0]
[19941230, 19950212.0, 1.0, 1.0, 0.0, 0.0]
[19941230, 19950222.0, 1.0, 1.0, 1.0, 0.0]
[19950106.0, 19950310.0, 1.0, 1.0, 1.0, 1.0]
[19950122.0, 19950310.0, 0.0, 0.0, 1.0, 1.0]
[19950206.0, 19950310.0, 0.0, 0.0, 0.0, 1.0]
[19950318.0, 19950310.0, 0.0, 0.0, 0.0, 0.0]
[19950206.0, 19950310.0, 0.0, 0.0, 1.0, 0.0]
[19950123.0, 19950310.0, 0.0, 1.0, 0.0, 1.0]
[19950209.0, 19950310.0, 0.0, 1.0, 0.0, 0.0]
[19950123.0, 19950310.0, 0.0, 1.0, 1.0, 0.0]
[19950112.0, 19950310.0, 1.0, 0.0, 1.0, 1.0]
[19950121.0, 19950310.0, 1.0, 0.0, 0.0, 1.0]
[19950206.0, 19950310.0, 1.0, 0.0, 0.0, 0.0]
[19950122.0, 19950310.0, 1.0, 0.0, 1.0, 0.0]
[19950112.0, 19950310.0, 1.0, 1.0, 0.0, 1.0]
[19950122.0, 19950310.0, 1.0, 1.0, 0.0, 0.0]
[19950112.0, 19950310.0, 1.0, 1.0, 1.0, 0.0]
[19950107.0, 19950311.0, 1.0, 1.0, 1.0, 1.0]
[19950114.0, 19950311.0, 0.0, 1.0, 1.0, 1.0]
[19950207.0, 19950311.0, 0.0, 0.0, 0.0, 1.0]
[19950207.0, 19950311.0, 0.0, 0.0, 1.0, 0.0]
[19950124.0, 19950311.0, 0.0, 1.0, 0.0, 1.0]
[19950210.0, 19950311.0, 0.0, 1.0, 0.0, 0.0]
[19950124.0, 19950311.0, 0.0, 1.0, 1.0, 0.0]
[19950113.0, 19950311.0, 1.0, 0.0, 1.0, 1.0]
[19950122.0, 19950311.0, 1.0, 0.0, 0.0, 1.0]
[19950207.0, 19950311.0, 1.0, 0.0, 0.0, 0.0]
[19950123.0, 19950311.0, 1.0, 0.0, 1.0, 0.0]
[19950123.0, 19950311.0, 1.0, 1.0, 0.0, 0.0]
[19950108.0, 19950312.0, 1.0, 1.0, 1.0, 1.0]
[19950115.0, 19950312.0, 0.0, 1.0, 1.0, 1.0]
[19950124.0, 19950312.0, 0.0, 0.0, 1.0, 1.0]
[19950208.0, 19950312.0, 0.0, 0.0, 0.0, 1.0]
[19950319.0, 19950312.0, 0.0, 0.0, 0.0, 0.0]
[19950208.0, 19950312.0, 0.0, 0.0, 1.0, 0.0]
[19950125.0, 19950312.0, 0.0, 1.0, 0.0, 1.0]
[19950211.0, 19950312.0, 0.0, 1.0, 0.0, 0.0]
[19950125.0, 19950312.0, 0.0, 1.0, 1.0, 0.0]
[19950114.0, 19950312.0, 1.0, 0.0, 1.0, 1.0]
[19950123.0, 19950312.0, 1.0, 0.0, 0.0, 1.0]
[19950208.0, 19950312.0, 1.0, 0.0, 0.0, 0.0]
[19950124.0, 19950312.0, 1.0, 0.0, 1.0, 0.0]
[19950114.0, 19950312.0, 1.0, 1.0, 0.0, 1.0]
[19950124.0, 19950312.0, 1.0, 1.0, 0.0, 0.0]
[19950114.0, 19950312.0, 1.0, 1.0, 1.0, 0.0]
[19950109.0, 19950313.0, 1.0, 1.0, 1.0, 1.0]
[19950116.0, 19950313.0, 0.0, 1.0, 1.0, 1.0]
[19950125.0, 19950313.0, 0.0, 0.0, 1.0, 1.0]
[19950321.0, 19950313.0, 0.0, 0.0, 0.0, 0.0]
[19950209.0, 19950313.0, 0.0, 0.0, 1.0, 0.0]
[19950127.0, 19950313.0, 0.0, 1.0, 0.0, 1.0]
[19950127.0, 19950313.0, 0.0, 1.0, 1.0, 0.0]
[19950209.0, 19950313.0, 1.0, 0.0, 0.0, 0.0]
[19950115.0, 19950313.0, 1.0, 1.0, 0.0, 1.0]
[19950125.0, 19950313.0, 1.0, 1.0, 0.0, 0.0]
[19950116.0, 19950313.0, 1.0, 1.0, 1.0, 0.0]
[19950110.0, 19950314.0, 1.0, 1.0, 1.0, 1.0]
[19950117.0, 19950314.0, 0.0, 1.0, 1.0, 1.0]
[19950127.0, 19950314.0, 0.0, 0.0, 1.0, 1.0]
[19950209.0, 19950314.0, 0.0, 0.0, 0.0, 1.0]
[19950322.0, 19950314.0, 0.0, 0.0, 0.0, 0.0]
[19950211.0, 19950314.0, 0.0, 0.0, 1.0, 0.0]
[19950128.0, 19950314.0, 0.0, 1.0, 0.0, 1.0]
[19950212.0, 19950314.0, 0.0, 1.0, 0.0, 0.0]
[19950128.0, 19950314.0, 0.0, 1.0, 1.0, 0.0]
[19950115.0, 19950314.0, 1.0, 0.0, 1.0, 1.0]
[19950125.0, 19950314.0, 1.0, 0.0, 0.0, 1.0]
[19950210.0, 19950314.0, 1.0, 0.0, 0.0, 0.0]
[19950125.0, 19950314.0, 1.0, 0.0, 1.0, 0.0]
[19950116.0, 19950314.0, 1.0, 1.0, 0.0, 1.0]
[19950127.0, 19950314.0, 1.0, 1.0, 0.0, 0.0]
[19950117.0, 19950314.0, 1.0, 1.0, 1.0, 0.0]
[19950111.0, 19950315.0, 1.0, 1.0, 1.0, 1.0]
[19950118.0, 19950315.0, 0.0, 1.0, 1.0, 1.0]
[19950128.0, 19950315.0, 0.0, 0.0, 1.0, 1.0]
[19950211.0, 19950315.0, 0.0, 0.0, 0.0, 1.0]
[19950324.0, 19950315.0, 0.0, 0.0, 0.0, 0.0]
[19950212.0, 19950315.0, 0.0, 0.0, 1.0, 0.0]
[19950129.0, 19950315.0, 0.0, 1.0, 0.0, 1.0]
[19950214.0, 19950315.0, 0.0, 1.0, 0.0, 0.0]
[19950129.0, 19950315.0, 0.0, 1.0, 1.0, 0.0]
[19950117.0, 19950315.0, 1.0, 0.0, 1.0, 1.0]
[19950126.0, 19950315.0, 1.0, 0.0, 0.0, 1.0]
[19950211.0, 19950315.0, 1.0, 0.0, 0.0, 0.0]
[19950127.0, 19950315.0, 1.0, 0.0, 1.0, 0.0]
[19950117.0, 19950315.0, 1.0, 1.0, 0.0, 1.0]
[19950128.0, 19950315.0, 1.0, 1.0, 0.0, 0.0]
[19950118.0, 19950315.0, 1.0, 1.0, 1.0, 0.0]
[19950109.0, 19950306.0, 0.0, 1.0, 1.0, 1.0]
[19950108.0, 19950304.0, 0.0, 1.0, 1.0, 1.0]
[19950108.0, 19950222.0, 0.0, 0.0, 1.0, 1.0]
[19950108.0, 19950205.0, 0.0, 0.0, 0.0, 1.0]
[19950108.0, 19941226.0, 0.0, 0.0, 0.0, 0.0]
[19950108.0, 19950203.0, 0.0, 0.0, 1.0, 0.0]
[19950108.0, 19950222.0, 0.0, 1.0, 0.0, 1.0]
[19950108.0, 19950203.0, 0.0, 1.0, 0.0, 0.0]
[19950108.0, 19950220.0, 0.0, 1.0, 1.0, 0.0]
[19950107.0, 19950303.0, 0.0, 1.0, 1.0, 1.0]
[19950107.0, 19950220.0, 0.0, 0.0, 1.0, 1.0]
[19950107.0, 19950203.0, 0.0, 0.0, 0.0, 1.0]
[19950107.0, 19941223.0, 0.0, 0.0, 0.0, 0.0]
[19950107.0, 19950201.0, 0.0, 0.0, 1.0, 0.0]
[19950107.0, 19950220.0, 0.0, 1.0, 0.0, 1.0]
[19950107.0, 19950202.0, 0.0, 1.0, 0.0, 0.0]
[19950107.0, 19950218.0, 0.0, 1.0, 1.0, 0.0]
[19950106.0, 19950302.0, 0.0, 1.0, 1.0, 1.0]
[19950106.0, 19950218.0, 0.0, 0.0, 1.0, 1.0]
[19950106.0, 19950202.0, 0.0, 0.0, 0.0, 1.0]
[19950106.0, 19941222.0, 0.0, 0.0, 0.0, 0.0]
[19950106.0, 19950130.0, 0.0, 0.0, 1.0, 0.0]
[19950106.0, 19950201.0, 0.0, 1.0, 0.0, 0.0]
[19950105.0, 19950301.0, 0.0, 1.0, 1.0, 1.0]
[19950105.0, 19950217.0, 0.0, 0.0, 1.0, 1.0]
[19950105.0, 19950201.0, 0.0, 0.0, 0.0, 1.0]
[19950105.0, 19941221.0, 0.0, 0.0, 0.0, 0.0]
[19950105.0, 19950129.0, 0.0, 0.0, 1.0, 0.0]
[19950105.0, 19950219.0, 0.0, 1.0, 0.0, 1.0]
[19950105.0, 19950131.0, 0.0, 1.0, 0.0, 0.0]
[19950105.0, 19950217.0, 0.0, 1.0, 1.0, 0.0]
[19950111.0, 19950308.0, 0.0, 1.0, 1.0, 1.0]
[19950119.0, 19950307.0, 0.0, 0.0, 1.0, 1.0]
[19950203.0, 19950307.0, 0.0, 0.0, 0.0, 1.0]
[19950315.0, 19950307.0, 0.0, 0.0, 0.0, 0.0]
[19950206.0, 19950307.0, 0.0, 1.0, 0.0, 0.0]
[19950120.0, 19950307.0, 0.0, 1.0, 1.0, 0.0]
[19950120.0, 19950308.0, 0.0, 0.0, 1.0, 1.0]
[19950204.0, 19950308.0, 0.0, 0.0, 0.0, 1.0]
[19950317.0, 19950308.0, 0.0, 0.0, 0.0, 0.0]
[19950205.0, 19950308.0, 0.0, 0.0, 1.0, 0.0]
[19950120.0, 19950308.0, 0.0, 1.0, 0.0, 1.0]
[19950207.0, 19950308.0, 0.0, 1.0, 0.0, 0.0]
[19950121.0, 19950308.0, 0.0, 1.0, 1.0, 0.0]
[19950112.0, 19950309.0, 0.0, 1.0, 1.0, 1.0]
[19950121.0, 19950309.0, 0.0, 0.0, 1.0, 1.0]
[19950205.0, 19950309.0, 0.0, 0.0, 0.0, 1.0]
[19950121.0, 19950309.0, 0.0, 1.0, 0.0, 1.0]
[19950208.0, 19950309.0, 0.0, 1.0, 0.0, 0.0]
[19950122.0, 19950309.0, 0.0, 1.0, 1.0, 0.0]
[19950114.0, 19950301.0, 0.0, 0.0, 1.0, 1.0]
[19950113.0, 19950228.0, 0.0, 0.0, 1.0, 1.0]
[19950113.0, 19950209.0, 0.0, 0.0, 0.0, 1.0]
[19950113.0, 19941231.0, 0.0, 0.0, 0.0, 0.0]
[19950112.0, 19950227.0, 0.0, 0.0, 1.0, 1.0]
[19950112.0, 19941230.0, 0.0, 0.0, 0.0, 0.0]
[19950112.0, 19950208.0, 0.0, 0.0, 1.0, 0.0]
[19950111.0, 19950226.0, 0.0, 0.0, 1.0, 1.0]
[19950111.0, 19950208.0, 0.0, 0.0, 0.0, 1.0]
[19950111.0, 19941229.0, 0.0, 0.0, 0.0, 0.0]
[19950111.0, 19950207.0, 0.0, 0.0, 1.0, 0.0]
[19950110.0, 19950224.0, 0.0, 0.0, 1.0, 1.0]
[19950110.0, 19950205.0, 0.0, 0.0, 1.0, 0.0]
[19950109.0, 19950223.0, 0.0, 0.0, 1.0, 1.0]
[19950109.0, 19950206.0, 0.0, 0.0, 0.0, 1.0]
[19950109.0, 19941228.0, 0.0, 0.0, 0.0, 0.0]
[19950109.0, 19950204.0, 0.0, 0.0, 1.0, 0.0]
[19950115.0, 19950303.0, 0.0, 0.0, 1.0, 1.0]
[19950131.0, 19950302.0, 0.0, 0.0, 0.0, 1.0]
[19950201.0, 19950302.0, 0.0, 0.0, 1.0, 0.0]
[19950201.0, 19950303.0, 0.0, 0.0, 0.0, 1.0]
[19950309.0, 19950303.0, 0.0, 0.0, 0.0, 0.0]
[19950202.0, 19950303.0, 0.0, 0.0, 1.0, 0.0]
[19950116.0, 19950304.0, 0.0, 0.0, 1.0, 1.0]
[19950311.0, 19950304.0, 0.0, 0.0, 0.0, 0.0]
[19950203.0, 19950304.0, 0.0, 0.0, 1.0, 0.0]
[19950117.0, 19950305.0, 0.0, 0.0, 1.0, 1.0]
[19950202.0, 19950305.0, 0.0, 0.0, 0.0, 1.0]
[19950312.0, 19950305.0, 0.0, 0.0, 0.0, 0.0]
[19950118.0, 19950306.0, 0.0, 0.0, 1.0, 1.0]
[19950314.0, 19950306.0, 0.0, 0.0, 0.0, 0.0]
[19950204.0, 19950306.0, 0.0, 0.0, 1.0, 0.0]
[19950123.0, 19950221.0, 0.0, 0.0, 0.0, 1.0]
[19950121.0, 19950219.0, 0.0, 0.0, 0.0, 1.0]
[19950122.0, 19950108.0, 0.0, 0.0, 0.0, 0.0]
[19950121.0, 19950107.0, 0.0, 0.0, 0.0, 0.0]
[19950120.0, 19950217.0, 0.0, 0.0, 0.0, 1.0]
[19950120.0, 19950106.0, 0.0, 0.0, 0.0, 0.0]
[19950119.0, 19950216.0, 0.0, 0.0, 0.0, 1.0]
[19950119.0, 19950104.0, 0.0, 0.0, 0.0, 0.0]
[19950118.0, 19950215.0, 0.0, 0.0, 0.0, 1.0]
[19950117.0, 19950214.0, 0.0, 0.0, 0.0, 1.0]
[19950117.0, 19950103.0, 0.0, 0.0, 0.0, 0.0]
[19950116.0, 19950213.0, 0.0, 0.0, 0.0, 1.0]
[19950115.0, 19950212.0, 0.0, 0.0, 0.0, 1.0]
[19950115.0, 19950102.0, 0.0, 0.0, 0.0, 0.0]
[19950114.0, 19950210.0, 0.0, 0.0, 0.0, 1.0]
[19950114.0, 19950101.0, 0.0, 0.0, 0.0, 0.0]
[19950124.0, 19950222.0, 0.0, 0.0, 0.0, 1.0]
[19950125.0, 19950223.0, 0.0, 0.0, 0.0, 1.0]
[19950302.0, 19950223.0, 0.0, 0.0, 0.0, 0.0]
[19950126.0, 19950224.0, 0.0, 0.0, 0.0, 1.0]
[19950304.0, 19950224.0, 0.0, 0.0, 0.0, 0.0]
[19950127.0, 19950226.0, 0.0, 0.0, 0.0, 1.0]
[19950305.0, 19950225.0, 0.0, 0.0, 0.0, 0.0]
[19950128.0, 19950227.0, 0.0, 0.0, 0.0, 1.0]
[19950306.0, 19950227.0, 0.0, 0.0, 0.0, 0.0]
[19950129.0, 19950228.0, 0.0, 0.0, 0.0, 1.0]
[19950307.0, 19950228.0, 0.0, 0.0, 0.0, 0.0]
[19950308.0, 19950301.0, 0.0, 0.0, 0.0, 0.0]
[19950211.0, 19950203.0, 0.0, 0.0, 0.0, 0.0]
[19950210.0, 19950201.0, 0.0, 0.0, 0.0, 0.0]
[19950209.0, 19950131.0, 0.0, 0.0, 0.0, 0.0]
[19950207.0, 19950130.0, 0.0, 0.0, 0.0, 0.0]
[19950206.0, 19950127.0, 0.0, 0.0, 0.0, 0.0]
[19950205.0, 19950125.0, 0.0, 0.0, 0.0, 0.0]
[19950204.0, 19950124.0, 0.0, 0.0, 0.0, 0.0]
[19950203.0, 19950123.0, 0.0, 0.0, 0.0, 0.0]
[19950202.0, 19950121.0, 0.0, 0.0, 0.0, 0.0]
[19950201.0, 19950120.0, 0.0, 0.0, 0.0, 0.0]
[19950131.0, 19950118.0, 0.0, 0.0, 0.0, 0.0]
[19950130.0, 19950116.0, 0.0, 0.0, 0.0, 0.0]
[19950129.0, 19950115.0, 0.0, 0.0, 0.0, 0.0]
[19950128.0, 19950114.0, 0.0, 0.0, 0.0, 0.0]
[19950127.0, 19950113.0, 0.0, 0.0, 0.0, 0.0]
[19950125.0, 19950112.0, 0.0, 0.0, 0.0, 0.0]
[19950124.0, 19950111.0, 0.0, 0.0, 0.0, 0.0]
[19950123.0, 19950109.0, 0.0, 0.0, 0.0, 0.0]
[19950212.0, 19950204.0, 0.0, 0.0, 0.0, 0.0]
[19950213.0, 19950205.0, 0.0, 0.0, 0.0, 0.0]
[19950214.0, 19950206.0, 0.0, 0.0, 0.0, 0.0]
[19950216.0, 19950207.0, 0.0, 0.0, 0.0, 0.0]
[19950217.0, 19950208.0, 0.0, 0.0, 0.0, 0.0]
[19950218.0, 19950210.0, 0.0, 0.0, 0.0, 0.0]
[19950221.0, 19950211.0, 0.0, 0.0, 0.0, 0.0]
[19950222.0, 19950213.0, 0.0, 0.0, 0.0, 0.0]
[19950223.0, 19950214.0, 0.0, 0.0, 0.0, 0.0]
[19950224.0, 19950216.0, 0.0, 0.0, 0.0, 0.0]
[19950225.0, 19950217.0, 0.0, 0.0, 0.0, 0.0]
[19950226.0, 19950218.0, 0.0, 0.0, 0.0, 0.0]
[19950227.0, 19950219.0, 0.0, 0.0, 0.0, 0.0]
[19950228.0, 19950221.0, 0.0, 0.0, 0.0, 0.0]
[19950122.0, 19950218.0, 0.0, 0.0, 1.0, 0.0]
[19950121.0, 19950217.0, 0.0, 0.0, 1.0, 0.0]
[19950120.0, 19950216.0, 0.0, 0.0, 1.0, 0.0]
[19950119.0, 19950214.0, 0.0, 0.0, 1.0, 0.0]
[19950118.0, 19950213.0, 0.0, 0.0, 1.0, 0.0]
[19950116.0, 19950212.0, 0.0, 0.0, 1.0, 0.0]
[19950115.0, 19950211.0, 0.0, 0.0, 1.0, 0.0]
[19950130.0, 19950228.0, 0.0, 0.0, 1.0, 0.0]
[19950301.0, 19950211.0, 0.0, 0.0, 1.0, 0.0]
[19950114.0, 19950228.0, 0.0, 1.0, 0.0, 1.0]
[19950112.0, 19950227.0, 0.0, 1.0, 0.0, 1.0]
[19950112.0, 19950207.0, 0.0, 1.0, 0.0, 0.0]
[19950111.0, 19950226.0, 0.0, 1.0, 0.0, 1.0]
[19950111.0, 19950206.0, 0.0, 1.0, 0.0, 0.0]
[19950110.0, 19950224.0, 0.0, 1.0, 0.0, 1.0]
[19950110.0, 19950205.0, 0.0, 1.0, 0.0, 0.0]
[19950109.0, 19950223.0, 0.0, 1.0, 0.0, 1.0]
[19950109.0, 19950204.0, 0.0, 1.0, 0.0, 0.0]
[19950115.0, 19950302.0, 0.0, 1.0, 0.0, 1.0]
[19950202.0, 19950301.0, 0.0, 1.0, 0.0, 0.0]
[19950116.0, 19950303.0, 0.0, 1.0, 0.0, 1.0]
[19950203.0, 19950303.0, 0.0, 1.0, 0.0, 0.0]
[19950117.0, 19950304.0, 0.0, 1.0, 0.0, 1.0]
[19950204.0, 19950304.0, 0.0, 1.0, 0.0, 0.0]
[19950118.0, 19950305.0, 0.0, 1.0, 0.0, 1.0]
[19950205.0, 19950305.0, 0.0, 1.0, 0.0, 0.0]
[19950119.0, 19950306.0, 0.0, 1.0, 0.0, 1.0]
[19950123.0, 19950218.0, 0.0, 1.0, 0.0, 0.0]
[19950122.0, 19950217.0, 0.0, 1.0, 0.0, 0.0]
[19950121.0, 19950216.0, 0.0, 1.0, 0.0, 0.0]
[19950120.0, 19950215.0, 0.0, 1.0, 0.0, 0.0]
[19950119.0, 19950213.0, 0.0, 1.0, 0.0, 0.0]
[19950118.0, 19950212.0, 0.0, 1.0, 0.0, 0.0]
[19950117.0, 19950211.0, 0.0, 1.0, 0.0, 0.0]
[19950116.0, 19950210.0, 0.0, 1.0, 0.0, 0.0]
[19950115.0, 19950209.0, 0.0, 1.0, 0.0, 0.0]
[19950114.0, 19950208.0, 0.0, 1.0, 0.0, 0.0]
[19950124.0, 19950219.0, 0.0, 1.0, 0.0, 0.0]
[19950125.0, 19950221.0, 0.0, 1.0, 0.0, 0.0]
[19950127.0, 19950222.0, 0.0, 1.0, 0.0, 0.0]
[19950112.0, 19950226.0, 0.0, 1.0, 1.0, 0.0]
[19950111.0, 19950224.0, 0.0, 1.0, 1.0, 0.0]
[19950306.0, 19950222.0, 0.0, 1.0, 1.0, 0.0]
[19950120.0, 19950306.0, 0.0, 1.0, 1.0, 0.0]
[19950108.0, 19950306.0, 1.0, 0.0, 1.0, 1.0]
[19950107.0, 19950304.0, 1.0, 0.0, 1.0, 1.0]
[19950107.0, 19950223.0, 1.0, 0.0, 0.0, 1.0]
[19950107.0, 19950204.0, 1.0, 0.0, 0.0, 0.0]
[19950107.0, 19950221.0, 1.0, 0.0, 1.0, 0.0]
[19950106.0, 19950303.0, 1.0, 0.0, 1.0, 1.0]
[19950106.0, 19950221.0, 1.0, 0.0, 0.0, 1.0]
[19950106.0, 19950203.0, 1.0, 0.0, 0.0, 0.0]
[19950106.0, 19950219.0, 1.0, 0.0, 1.0, 0.0]
[19950105.0, 19950302.0, 1.0, 0.0, 1.0, 1.0]
[19950105.0, 19950220.0, 1.0, 0.0, 0.0, 1.0]
[19950105.0, 19950218.0, 1.0, 0.0, 1.0, 0.0]
[19950109.0, 19950307.0, 1.0, 0.0, 1.0, 1.0]
[19950118.0, 19950307.0, 1.0, 0.0, 0.0, 1.0]
[19950203.0, 19950307.0, 1.0, 0.0, 0.0, 0.0]
[19950119.0, 19950307.0, 1.0, 0.0, 1.0, 0.0]
[19950110.0, 19950308.0, 1.0, 0.0, 1.0, 1.0]
[19950204.0, 19950308.0, 1.0, 0.0, 0.0, 0.0]
[19950120.0, 19950308.0, 1.0, 0.0, 1.0, 0.0]
[19950111.0, 19950309.0, 1.0, 0.0, 1.0, 1.0]
[19950120.0, 19950309.0, 1.0, 0.0, 0.0, 1.0]
[19950205.0, 19950309.0, 1.0, 0.0, 0.0, 0.0]
[19950121.0, 19950309.0, 1.0, 0.0, 1.0, 0.0]
[19950112.0, 19950301.0, 1.0, 0.0, 0.0, 1.0]
[19950111.0, 19950228.0, 1.0, 0.0, 0.0, 1.0]
[19950111.0, 19950209.0, 1.0, 0.0, 0.0, 0.0]
[19950110.0, 19950227.0, 1.0, 0.0, 0.0, 1.0]
[19950109.0, 19950226.0, 1.0, 0.0, 0.0, 1.0]
[19950109.0, 19950208.0, 1.0, 0.0, 0.0, 0.0]
[19950108.0, 19950224.0, 1.0, 0.0, 0.0, 1.0]
[19950108.0, 19950206.0, 1.0, 0.0, 0.0, 0.0]
[19950114.0, 19950303.0, 1.0, 0.0, 0.0, 1.0]
[19950131.0, 19950303.0, 1.0, 0.0, 0.0, 0.0]
[19950115.0, 19950304.0, 1.0, 0.0, 0.0, 1.0]
[19950201.0, 19950304.0, 1.0, 0.0, 0.0, 0.0]
[19950116.0, 19950305.0, 1.0, 0.0, 0.0, 1.0]
[19950202.0, 19950305.0, 1.0, 0.0, 0.0, 0.0]
[19950117.0, 19950306.0, 1.0, 0.0, 0.0, 1.0]
[19950121.0, 19950219.0, 1.0, 0.0, 0.0, 0.0]
[19950120.0, 19950218.0, 1.0, 0.0, 0.0, 0.0]
[19950118.0, 19950216.0, 1.0, 0.0, 0.0, 0.0]
[19950116.0, 19950214.0, 1.0, 0.0, 0.0, 0.0]
[19950122.0, 19950221.0, 1.0, 0.0, 0.0, 0.0]
[19950113.0, 19950301.0, 1.0, 0.0, 1.0, 0.0]
[19950112.0, 19950228.0, 1.0, 0.0, 1.0, 0.0]
[19950111.0, 19950227.0, 1.0, 0.0, 1.0, 0.0]
[19950110.0, 19950225.0, 1.0, 0.0, 1.0, 0.0]
[19950109.0, 19950224.0, 1.0, 0.0, 1.0, 0.0]
[19950108.0, 19950222.0, 1.0, 0.0, 1.0, 0.0]
[19950114.0, 19950303.0, 1.0, 0.0, 1.0, 0.0]
[19950116.0, 19950304.0, 1.0, 0.0, 1.0, 0.0]
[19950108.0, 19950306.0, 1.0, 1.0, 0.0, 1.0]
[19950107.0, 19950304.0, 1.0, 1.0, 0.0, 1.0]
[19950107.0, 19950221.0, 1.0, 1.0, 0.0, 0.0]
[19950105.0, 19950303.0, 1.0, 1.0, 0.0, 1.0]
[19950105.0, 19950220.0, 1.0, 1.0, 0.0, 0.0]
[19950109.0, 19950307.0, 1.0, 1.0, 0.0, 1.0]
[19950110.0, 19950308.0, 1.0, 1.0, 0.0, 1.0]
[19950120.0, 19950308.0, 1.0, 1.0, 0.0, 0.0]
[19950111.0, 19950309.0, 1.0, 1.0, 0.0, 1.0]
[19950112.0, 19950228.0, 1.0, 1.0, 0.0, 0.0]
[19950111.0, 19950227.0, 1.0, 1.0, 0.0, 0.0]
[19950109.0, 19950225.0, 1.0, 1.0, 0.0, 0.0]
[19950108.0, 19950223.0, 1.0, 1.0, 0.0, 0.0]
[19950114.0, 19950301.0, 1.0, 1.0, 0.0, 0.0]
[19950115.0, 19950302.0, 1.0, 1.0, 0.0, 0.0]
[19950116.0, 19950303.0, 1.0, 1.0, 0.0, 0.0]
[19950117.0, 19950304.0, 1.0, 1.0, 0.0, 0.0]
[19950118.0, 19950305.0, 1.0, 1.0, 0.0, 0.0]
[19950119.0, 19950306.0, 1.0, 1.0, 0.0, 0.0]
[19950108.0, 19950305.0, 1.0, 1.0, 1.0, 0.0]
[19950107.0, 19950303.0, 1.0, 1.0, 1.0, 0.0]
[19950106.0, 19950302.0, 1.0, 1.0, 1.0, 0.0]
[19950105.0, 19950301.0, 1.0, 1.0, 1.0, 0.0]
[19950109.0, 19950306.0, 1.0, 1.0, 1.0, 0.0]
[19950110.0, 19950307.0, 1.0, 1.0, 1.0, 0.0]
[19950111.0, 19950308.0, 1.0, 1.0, 1.0, 0.0]

2

[19950115, 19950315.0, 1.0, 1.0, 1.0, 1.0]
[19950116, 19950313.0, 0.0, 1.0, 1.0, 1.0]
[19950115, 19950312.0, 0.0, 1.0, 1.0, 1.0]
[19950115, 19950303.0, 0.0, 0.0, 1.0, 1.0]
[19950115, 19950212.0, 0.0, 0.0, 0.0, 1.0]
[19950115, 19950102.0, 0.0, 0.0, 0.0, 0.0]
[19950115, 19950211.0, 0.0, 0.0, 1.0, 0.0]
[19950115, 19950302.0, 0.0, 1.0, 0.0, 1.0]
[19950115, 19950209.0, 0.0, 1.0, 0.0, 0.0]
[19950115, 19950301.0, 0.0, 1.0, 1.0, 0.0]
[19950117.0, 19950314.0, 0.0, 1.0, 1.0, 1.0]
[19950127.0, 19950314.0, 0.0, 0.0, 1.0, 1.0]
[19950209.0, 19950314.0, 0.0, 0.0, 0.0, 1.0]
[19950322.0, 19950314.0, 0.0, 0.0, 0.0, 0.0]
[19950211.0, 19950314.0, 0.0, 0.0, 1.0, 0.0]
[19950128.0, 19950314.0, 0.0, 1.0, 0.0, 1.0]
[19950212.0, 19950314.0, 0.0, 1.0, 0.0, 0.0]
[19950128.0, 19950314.0, 0.0, 1.0, 1.0, 0.0]
[19950118.0, 19950315.0, 0.0, 1.0, 1.0, 1.0]
[19950128.0, 19950315.0, 0.0, 0.0, 1.0, 1.0]
[19950211.0, 19950315.0, 0.0, 0.0, 0.0, 1.0]
[19950324.0, 19950315.0, 0.0, 0.0, 0.0, 0.0]
[19950212.0, 19950315.0, 0.0, 0.0, 1.0, 0.0]
[19950129.0, 19950315.0, 0.0, 1.0, 0.0, 1.0]
[19950214.0, 19950315.0, 0.0, 1.0, 0.0, 0.0]
[19950129.0, 19950315.0, 0.0, 1.0, 1.0, 0.0]
[19950120.0, 19950308.0, 0.0, 0.0, 1.0, 1.0]
[19950119.0, 19950307.0, 0.0, 0.0, 1.0, 1.0]
[19950119.0, 19950216.0, 0.0, 0.0, 0.0, 1.0]
[19950119.0, 19950104.0, 0.0, 0.0, 0.0, 0.0]
[19950119.0, 19950214.0, 0.0, 0.0, 1.0, 0.0]
[19950118.0, 19950306.0, 0.0, 0.0, 1.0, 1.0]
[19950118.0, 19950215.0, 0.0, 0.0, 0.0, 1.0]
[19950118.0, 19950213.0, 0.0, 0.0, 1.0, 0.0]
[19950117.0, 19950305.0, 0.0, 0.0, 1.0, 1.0]
[19950117.0, 19950214.0, 0.0, 0.0, 0.0, 1.0]
[19950117.0, 19950103.0, 0.0, 0.0, 0.0, 0.0]
[19950116.0, 19950304.0, 0.0, 0.0, 1.0, 1.0]
[19950116.0, 19950213.0, 0.0, 0.0, 0.0, 1.0]
[19950116.0, 19950212.0, 0.0, 0.0, 1.0, 0.0]
[19950121.0, 19950309.0, 0.0, 0.0, 1.0, 1.0]
[19950205.0, 19950309.0, 0.0, 0.0, 0.0, 1.0]
[19950122.0, 19950310.0, 0.0, 0.0, 1.0, 1.0]
[19950206.0, 19950310.0, 0.0, 0.0, 0.0, 1.0]
[19950318.0, 19950310.0, 0.0, 0.0, 0.0, 0.0]
[19950206.0, 19950310.0, 0.0, 0.0, 1.0, 0.0]
[19950124.0, 19950312.0, 0.0, 0.0, 1.0, 1.0]
[19950207.0, 19950311.0, 0.0, 0.0, 0.0, 1.0]
[19950207.0, 19950311.0, 0.0, 0.0, 1.0, 0.0]
[19950208.0, 19950312.0, 0.0, 0.0, 0.0, 1.0]
[19950319.0, 19950312.0, 0.0, 0.0, 0.0, 0.0]
[19950208.0, 19950312.0, 0.0, 0.0, 1.0, 0.0]
[19950125.0, 19950313.0, 0.0, 0.0, 1.0, 1.0]
[19950321.0, 19950313.0, 0.0, 0.0, 0.0, 0.0]
[19950209.0, 19950313.0, 0.0, 0.0, 1.0, 0.0]
[19950128.0, 19950227.0, 0.0, 0.0, 0.0, 1.0]
[19950127.0, 19950226.0, 0.0, 0.0, 0.0, 1.0]
[19950127.0, 19950113.0, 0.0, 0.0, 0.0, 0.0]
[19950126.0, 19950224.0, 0.0, 0.0, 0.0, 1.0]
[19950125.0, 19950223.0, 0.0, 0.0, 0.0, 1.0]
[19950125.0, 19950112.0, 0.0, 0.0, 0.0, 0.0]
[19950124.0, 19950222.0, 0.0, 0.0, 0.0, 1.0]
[19950124.0, 19950111.0, 0.0, 0.0, 0.0, 0.0]
[19950123.0, 19950221.0, 0.0, 0.0, 0.0, 1.0]
[19950123.0, 19950109.0, 0.0, 0.0, 0.0, 0.0]
[19950121.0, 19950219.0, 0.0, 0.0, 0.0, 1.0]
[19950122.0, 19950108.0, 0.0, 0.0, 0.0, 0.0]
[19950121.0, 19950107.0, 0.0, 0.0, 0.0, 0.0]
[19950120.0, 19950217.0, 0.0, 0.0, 0.0, 1.0]
[19950120.0, 19950106.0, 0.0, 0.0, 0.0, 0.0]
[19950129.0, 19950228.0, 0.0, 0.0, 0.0, 1.0]
[19950307.0, 19950228.0, 0.0, 0.0, 0.0, 0.0]
[19950131.0, 19950302.0, 0.0, 0.0, 0.0, 1.0]
[19950308.0, 19950301.0, 0.0, 0.0, 0.0, 0.0]
[19950201.0, 19950303.0, 0.0, 0.0, 0.0, 1.0]
[19950309.0, 19950303.0, 0.0, 0.0, 0.0, 0.0]
[19950202.0, 19950305.0, 0.0, 0.0, 0.0, 1.0]
[19950311.0, 19950304.0, 0.0, 0.0, 0.0, 0.0]
[19950312.0, 19950305.0, 0.0, 0.0, 0.0, 0.0]
[19950203.0, 19950307.0, 0.0, 0.0, 0.0, 1.0]
[19950314.0, 19950306.0, 0.0, 0.0, 0.0, 0.0]
[19950315.0, 19950307.0, 0.0, 0.0, 0.0, 0.0]
[19950204.0, 19950308.0, 0.0, 0.0, 0.0, 1.0]
[19950317.0, 19950308.0, 0.0, 0.0, 0.0, 0.0]
[19950216.0, 19950207.0, 0.0, 0.0, 0.0, 0.0]
[19950214.0, 19950206.0, 0.0, 0.0, 0.0, 0.0]
[19950213.0, 19950205.0, 0.0, 0.0, 0.0, 0.0]
[19950212.0, 19950204.0, 0.0, 0.0, 0.0, 0.0]
[19950211.0, 19950203.0, 0.0, 0.0, 0.0, 0.0]
[19950210.0, 19950201.0, 0.0, 0.0, 0.0, 0.0]
[19950209.0, 19950131.0, 0.0, 0.0, 0.0, 0.0]
[19950207.0, 19950130.0, 0.0, 0.0, 0.0, 0.0]
[19950206.0, 19950127.0, 0.0, 0.0, 0.0, 0.0]
[19950205.0, 19950125.0, 0.0, 0.0, 0.0, 0.0]
[19950204.0, 19950124.0, 0.0, 0.0, 0.0, 0.0]
[19950203.0, 19950123.0, 0.0, 0.0, 0.0, 0.0]
[19950202.0, 19950121.0, 0.0, 0.0, 0.0, 0.0]
[19950201.0, 19950120.0, 0.0, 0.0, 0.0, 0.0]
[19950131.0, 19950118.0, 0.0, 0.0, 0.0, 0.0]
[19950130.0, 19950116.0, 0.0, 0.0, 0.0, 0.0]
[19950129.0, 19950115.0, 0.0, 0.0, 0.0, 0.0]
[19950128.0, 19950114.0, 0.0, 0.0, 0.0, 0.0]
[19950217.0, 19950208.0, 0.0, 0.0, 0.0, 0.0]
[19950218.0, 19950210.0, 0.0, 0.0, 0.0, 0.0]
[19950221.0, 19950211.0, 0.0, 0.0, 0.0, 0.0]
[19950222.0, 19950213.0, 0.0, 0.0, 0.0, 0.0]
[19950223.0, 19950214.0, 0.0, 0.0, 0.0, 0.0]
[19950224.0, 19950216.0, 0.0, 0.0, 0.0, 0.0]
[19950225.0, 19950217.0, 0.0, 0.0, 0.0, 0.0]
[19950226.0, 19950218.0, 0.0, 0.0, 0.0, 0.0]
[19950227.0, 19950219.0, 0.0, 0.0, 0.0, 0.0]
[19950228.0, 19950221.0, 0.0, 0.0, 0.0, 0.0]
[19950302.0, 19950223.0, 0.0, 0.0, 0.0, 0.0]
[19950304.0, 19950224.0, 0.0, 0.0, 0.0, 0.0]
[19950305.0, 19950225.0, 0.0, 0.0, 0.0, 0.0]
[19950306.0, 19950227.0, 0.0, 0.0, 0.0, 0.0]
[19950129.0, 19950226.0, 0.0, 0.0, 1.0, 0.0]
[19950128.0, 19950225.0, 0.0, 0.0, 1.0, 0.0]
[19950127.0, 19950223.0, 0.0, 0.0, 1.0, 0.0]
[19950126.0, 19950222.0, 0.0, 0.0, 1.0, 0.0]
[19950125.0, 19950221.0, 0.0, 0.0, 1.0, 0.0]
[19950124.0, 19950220.0, 0.0, 0.0, 1.0, 0.0]
[19950123.0, 19950219.0, 0.0, 0.0, 1.0, 0.0]
[19950122.0, 19950218.0, 0.0, 0.0, 1.0, 0.0]
[19950121.0, 19950217.0, 0.0, 0.0, 1.0, 0.0]
[19950120.0, 19950216.0, 0.0, 0.0, 1.0, 0.0]
[19950130.0, 19950228.0, 0.0, 0.0, 1.0, 0.0]
[19950131.0, 19950301.0, 0.0, 0.0, 1.0, 0.0]
[19950120.0, 19950308.0, 0.0, 1.0, 0.0, 1.0]
[19950119.0, 19950306.0, 0.0, 1.0, 0.0, 1.0]
[19950119.0, 19950213.0, 0.0, 1.0, 0.0, 0.0]
[19950118.0, 19950305.0, 0.0, 1.0, 0.0, 1.0]
[19950118.0, 19950212.0, 0.0, 1.0, 0.0, 0.0]
[19950117.0, 19950304.0, 0.0, 1.0, 0.0, 1.0]
[19950117.0, 19950211.0, 0.0, 1.0, 0.0, 0.0]
[19950116.0, 19950303.0, 0.0, 1.0, 0.0, 1.0]
[19950116.0, 19950210.0, 0.0, 1.0, 0.0, 0.0]
[19950121.0, 19950309.0, 0.0, 1.0, 0.0, 1.0]
[19950208.0, 19950309.0, 0.0, 1.0, 0.0, 0.0]
[19950123.0, 19950310.0, 0.0, 1.0, 0.0, 1.0]
[19950209.0, 19950310.0, 0.0, 1.0, 0.0, 0.0]
[19950124.0, 19950311.0, 0.0, 1.0, 0.0, 1.0]
[19950210.0, 19950311.0, 0.0, 1.0, 0.0, 0.0]
[19950125.0, 19950312.0, 0.0, 1.0, 0.0, 1.0]
[19950211.0, 19950312.0, 0.0, 1.0, 0.0, 0.0]
[19950127.0, 19950313.0, 0.0, 1.0, 0.0, 1.0]
[19950129.0, 19950224.0, 0.0, 1.0, 0.0, 0.0]
[19950128.0, 19950223.0, 0.0, 1.0, 0.0, 0.0]
[19950127.0, 19950222.0, 0.0, 1.0, 0.0, 0.0]
[19950125.0, 19950221.0, 0.0, 1.0, 0.0, 0.0]
[19950124.0, 19950219.0, 0.0, 1.0, 0.0, 0.0]
[19950201.0, 19950228.0, 0.0, 1.0, 0.0, 0.0]
[19950308.0, 19950223.0, 0.0, 1.0, 0.0, 0.0]
[19950121.0, 19950308.0, 0.0, 1.0, 1.0, 0.0]
[19950120.0, 19950307.0, 0.0, 1.0, 1.0, 0.0]
[19950119.0, 19950305.0, 0.0, 1.0, 1.0, 0.0]
[19950118.0, 19950304.0, 0.0, 1.0, 1.0, 0.0]
[19950117.0, 19950303.0, 0.0, 1.0, 1.0, 0.0]
[19950116.0, 19950302.0, 0.0, 1.0, 1.0, 0.0]
[19950122.0, 19950309.0, 0.0, 1.0, 1.0, 0.0]
[19950123.0, 19950310.0, 0.0, 1.0, 1.0, 0.0]
[19950124.0, 19950311.0, 0.0, 1.0, 1.0, 0.0]
[19950125.0, 19950312.0, 0.0, 1.0, 1.0, 0.0]
[19950127.0, 19950313.0, 0.0, 1.0, 1.0, 0.0]
[19950115, 19950314.0, 1.0, 0.0, 1.0, 1.0]
[19950117, 19950315.0, 1.0, 0.0, 1.0, 1.0]
[19950126, 19950315.0, 1.0, 0.0, 0.0, 1.0]
[19950211, 19950315.0, 1.0, 0.0, 0.0, 0.0]
[19950127, 19950315.0, 1.0, 0.0, 1.0, 0.0]
[19950120, 19950309.0, 1.0, 0.0, 0.0, 1.0]
[19950118, 19950307.0, 1.0, 0.0, 0.0, 1.0]
[19950118, 19950216.0, 1.0, 0.0, 0.0, 0.0]
[19950117, 19950306.0, 1.0, 0.0, 0.0, 1.0]
[19950116, 19950305.0, 1.0, 0.0, 0.0, 1.0]
[19950116, 19950214.0, 1.0, 0.0, 0.0, 0.0]
[19950115, 19950304.0, 1.0, 0.0, 0.0, 1.0]
[19950115, 19950213.0, 1.0, 0.0, 0.0, 0.0]
[19950121.0, 19950310.0, 1.0, 0.0, 0.0, 1.0]
[19950206.0, 19950310.0, 1.0, 0.0, 0.0, 0.0]
[19950122.0, 19950311.0, 1.0, 0.0, 0.0, 1.0]
[19950207.0, 19950311.0, 1.0, 0.0, 0.0, 0.0]
[19950123.0, 19950312.0, 1.0, 0.0, 0.0, 1.0]
[19950208.0, 19950312.0, 1.0, 0.0, 0.0, 0.0]
[19950125.0, 19950314.0, 1.0, 0.0, 0.0, 1.0]
[19950209.0, 19950313.0, 1.0, 0.0, 0.0, 0.0]
[19950210.0, 19950314.0, 1.0, 0.0, 0.0, 0.0]
[19950127.0, 19950227.0, 1.0, 0.0, 0.0, 0.0]
[19950126.0, 19950226.0, 1.0, 0.0, 0.0, 0.0]
[19950309.0, 19950219.0, 1.0, 0.0, 0.0, 0.0]
[19950205.0, 19950309.0, 1.0, 0.0, 0.0, 0.0]
[19950120, 19950308.0, 1.0, 0.0, 1.0, 0.0]
[19950119, 19950307.0, 1.0, 0.0, 1.0, 0.0]
[19950118, 19950306.0, 1.0, 0.0, 1.0, 0.0]
[19950117, 19950305.0, 1.0, 0.0, 1.0, 0.0]
[19950116, 19950304.0, 1.0, 0.0, 1.0, 0.0]
[19950115, 19950303.0, 1.0, 0.0, 1.0, 0.0]
[19950121.0, 19950309.0, 1.0, 0.0, 1.0, 0.0]
[19950122.0, 19950310.0, 1.0, 0.0, 1.0, 0.0]
[19950123.0, 19950311.0, 1.0, 0.0, 1.0, 0.0]
[19950124.0, 19950312.0, 1.0, 0.0, 1.0, 0.0]
[19950125.0, 19950314.0, 1.0, 0.0, 1.0, 0.0]
[19950116, 19950314.0, 1.0, 1.0, 0.0, 1.0]
[19950115, 19950313.0, 1.0, 1.0, 0.0, 1.0]
[19950115, 19950302.0, 1.0, 1.0, 0.0, 0.0]
[19950117.0, 19950315.0, 1.0, 1.0, 0.0, 1.0]
[19950128.0, 19950315.0, 1.0, 1.0, 0.0, 0.0]
[19950120.0, 19950308.0, 1.0, 1.0, 0.0, 0.0]
[19950119.0, 19950306.0, 1.0, 1.0, 0.0, 0.0]
[19950118.0, 19950305.0, 1.0, 1.0, 0.0, 0.0]
[19950117.0, 19950304.0, 1.0, 1.0, 0.0, 0.0]
[19950116.0, 19950303.0, 1.0, 1.0, 0.0, 0.0]
[19950122.0, 19950310.0, 1.0, 1.0, 0.0, 0.0]
[19950123.0, 19950311.0, 1.0, 1.0, 0.0, 0.0]
[19950116, 19950313.0, 1.0, 1.0, 1.0, 0.0]
[19950115, 19950312.0, 1.0, 1.0, 1.0, 0.0]
[19950117.0, 19950314.0, 1.0, 1.0, 1.0, 0.0]
[19950118.0, 19950315.0, 1.0, 1.0, 1.0, 0.0]

3

[19950130, 19950315.0, 0.0, 0.0, 1.0, 1.0]
[19950130, 19950315.0, 0.0, 1.0, 0.0, 1.0]
[19950130, 19950315.0, 1.0, 0.0, 0.0, 1.0]
[19950205, 19950309.0, 0.0, 0.0, 0.0, 1.0]
[19950204, 19950308.0, 0.0, 0.0, 0.0, 1.0]
[19950204, 19950124.0, 0.0, 0.0, 0.0, 0.0]
[19950203, 19950307.0, 0.0, 0.0, 0.0, 1.0]
[19950203, 19950123.0, 0.0, 0.0, 0.0, 0.0]
[19950202, 19950305.0, 0.0, 0.0, 0.0, 1.0]
[19950202, 19950121.0, 0.0, 0.0, 0.0, 0.0]
[19950201, 19950303.0, 0.0, 0.0, 0.0, 1.0]
[19950201, 19950120.0, 0.0, 0.0, 0.0, 0.0]
[19950131, 19950302.0, 0.0, 0.0, 0.0, 1.0]
[19950131, 19950118.0, 0.0, 0.0, 0.0, 0.0]
[19950130, 19950228.0, 0.0, 0.0, 0.0, 1.0]
[19950130, 19950116.0, 0.0, 0.0, 0.0, 0.0]
[19950206.0, 19950310.0, 0.0, 0.0, 0.0, 1.0]
[19950318.0, 19950310.0, 0.0, 0.0, 0.0, 0.0]
[19950207.0, 19950311.0, 0.0, 0.0, 0.0, 1.0]
[19950208.0, 19950312.0, 0.0, 0.0, 0.0, 1.0]
[19950319.0, 19950312.0, 0.0, 0.0, 0.0, 0.0]
[19950209.0, 19950314.0, 0.0, 0.0, 0.0, 1.0]
[19950321.0, 19950313.0, 0.0, 0.0, 0.0, 0.0]
[19950322.0, 19950314.0, 0.0, 0.0, 0.0, 0.0]
[19950211.0, 19950315.0, 0.0, 0.0, 0.0, 1.0]
[19950324.0, 19950315.0, 0.0, 0.0, 0.0, 0.0]
[19950225.0, 19950217.0, 0.0, 0.0, 0.0, 0.0]
[19950224.0, 19950216.0, 0.0, 0.0, 0.0, 0.0]
[19950223.0, 19950214.0, 0.0, 0.0, 0.0, 0.0]
[19950222.0, 19950213.0, 0.0, 0.0, 0.0, 0.0]
[19950221.0, 19950211.0, 0.0, 0.0, 0.0, 0.0]
[19950218.0, 19950210.0, 0.0, 0.0, 0.0, 0.0]
[19950217.0, 19950208.0, 0.0, 0.0, 0.0, 0.0]
[19950216.0, 19950207.0, 0.0, 0.0, 0.0, 0.0]
[19950214.0, 19950206.0, 0.0, 0.0, 0.0, 0.0]
[19950213.0, 19950205.0, 0.0, 0.0, 0.0, 0.0]
[19950212.0, 19950204.0, 0.0, 0.0, 0.0, 0.0]
[19950211.0, 19950203.0, 0.0, 0.0, 0.0, 0.0]
[19950210.0, 19950201.0, 0.0, 0.0, 0.0, 0.0]
[19950209.0, 19950131.0, 0.0, 0.0, 0.0, 0.0]
[19950207.0, 19950130.0, 0.0, 0.0, 0.0, 0.0]
[19950206.0, 19950127.0, 0.0, 0.0, 0.0, 0.0]
[19950205.0, 19950125.0, 0.0, 0.0, 0.0, 0.0]
[19950226.0, 19950218.0, 0.0, 0.0, 0.0, 0.0]
[19950227.0, 19950219.0, 0.0, 0.0, 0.0, 0.0]
[19950228.0, 19950221.0, 0.0, 0.0, 0.0, 0.0]
[19950302.0, 19950223.0, 0.0, 0.0, 0.0, 0.0]
[19950304.0, 19950224.0, 0.0, 0.0, 0.0, 0.0]
[19950305.0, 19950225.0, 0.0, 0.0, 0.0, 0.0]
[19950306.0, 19950227.0, 0.0, 0.0, 0.0, 0.0]
[19950307.0, 19950228.0, 0.0, 0.0, 0.0, 0.0]
[19950308.0, 19950301.0, 0.0, 0.0, 0.0, 0.0]
[19950309.0, 19950303.0, 0.0, 0.0, 0.0, 0.0]
[19950311.0, 19950304.0, 0.0, 0.0, 0.0, 0.0]
[19950312.0, 19950305.0, 0.0, 0.0, 0.0, 0.0]
[19950314.0, 19950306.0, 0.0, 0.0, 0.0, 0.0]
[19950315.0, 19950307.0, 0.0, 0.0, 0.0, 0.0]
[19950317.0, 19950308.0, 0.0, 0.0, 0.0, 0.0]
[19950205, 19950309.0, 1.0, 0.0, 0.0, 0.0]
[19950204, 19950308.0, 1.0, 0.0, 0.0, 0.0]
[19950203, 19950307.0, 1.0, 0.0, 0.0, 0.0]
[19950202, 19950305.0, 1.0, 0.0, 0.0, 0.0]
[19950201, 19950304.0, 1.0, 0.0, 0.0, 0.0]
[19950131, 19950303.0, 1.0, 0.0, 0.0, 0.0]
[19950130, 19950301.0, 1.0, 0.0, 0.0, 0.0]
[19950206.0, 19950310.0, 1.0, 0.0, 0.0, 0.0]
[19950207.0, 19950311.0, 1.0, 0.0, 0.0, 0.0]
[19950208.0, 19950312.0, 1.0, 0.0, 0.0, 0.0]
[19950209.0, 19950313.0, 1.0, 0.0, 0.0, 0.0]
[19950210.0, 19950314.0, 1.0, 0.0, 0.0, 0.0]
[19950211.0, 19950315.0, 1.0, 0.0, 0.0, 0.0]
[19950130, 19950315.0, 1.0, 1.0, 0.0, 0.0]
[19950206, 19950307.0, 0.0, 1.0, 0.0, 0.0]
[19950205, 19950305.0, 0.0, 1.0, 0.0, 0.0]
[19950204, 19950304.0, 0.0, 1.0, 0.0, 0.0]
[19950203, 19950303.0, 0.0, 1.0, 0.0, 0.0]
[19950202, 19950301.0, 0.0, 1.0, 0.0, 0.0]
[19950201, 19950228.0, 0.0, 1.0, 0.0, 0.0]
[19950131, 19950226.0, 0.0, 1.0, 0.0, 0.0]
[19950130, 19950225.0, 0.0, 1.0, 0.0, 0.0]
[19950207.0, 19950308.0, 0.0, 1.0, 0.0, 0.0]
[19950208.0, 19950309.0, 0.0, 1.0, 0.0, 0.0]
[19950209.0, 19950310.0, 0.0, 1.0, 0.0, 0.0]
[19950210.0, 19950311.0, 0.0, 1.0, 0.0, 0.0]
[19950211.0, 19950312.0, 0.0, 1.0, 0.0, 0.0]
[19950212.0, 19950314.0, 0.0, 1.0, 0.0, 0.0]
[19950214.0, 19950315.0, 0.0, 1.0, 0.0, 0.0]
[19950130, 19950315.0, 0.0, 1.0, 1.0, 0.0]
[19950130, 19950315.0, 1.0, 0.0, 1.0, 0.0]
[19950205, 19950308.0, 0.0, 0.0, 1.0, 0.0]
[19950204, 19950306.0, 0.0, 0.0, 1.0, 0.0]
[19950203, 19950304.0, 0.0, 0.0, 1.0, 0.0]
[19950202, 19950303.0, 0.0, 0.0, 1.0, 0.0]
[19950201, 19950302.0, 0.0, 0.0, 1.0, 0.0]
[19950131, 19950301.0, 0.0, 0.0, 1.0, 0.0]
[19950130, 19950228.0, 0.0, 0.0, 1.0, 0.0]
[19950206.0, 19950310.0, 0.0, 0.0, 1.0, 0.0]
[19950207.0, 19950311.0, 0.0, 0.0, 1.0, 0.0]

4

[19950215, 19950315.0, 0.0, 0.0, 0.0, 1.0]
[19950215, 19950315.0, 0.0, 0.0, 1.0, 0.0]
[19950215, 19950315.0, 0.0, 1.0, 0.0, 0.0]
[19950215, 19950315.0, 1.0, 0.0, 0.0, 0.0]
[19950305, 19950225.0, 0.0, 0.0, 0.0, 0.0]
[19950304, 19950224.0, 0.0, 0.0, 0.0, 0.0]
[19950302, 19950223.0, 0.0, 0.0, 0.0, 0.0]
[19950228, 19950221.0, 0.0, 0.0, 0.0, 0.0]
[19950227, 19950219.0, 0.0, 0.0, 0.0, 0.0]
[19950226, 19950218.0, 0.0, 0.0, 0.0, 0.0]
[19950225, 19950217.0, 0.0, 0.0, 0.0, 0.0]
[19950224, 19950216.0, 0.0, 0.0, 0.0, 0.0]
[19950223, 19950214.0, 0.0, 0.0, 0.0, 0.0]
[19950222, 19950213.0, 0.0, 0.0, 0.0, 0.0]
[19950221, 19950211.0, 0.0, 0.0, 0.0, 0.0]
[19950218, 19950210.0, 0.0, 0.0, 0.0, 0.0]
[19950217, 19950208.0, 0.0, 0.0, 0.0, 0.0]
[19950216, 19950207.0, 0.0, 0.0, 0.0, 0.0]
[19950215, 19950206.0, 0.0, 0.0, 0.0, 0.0]
[19950306.0, 19950227.0, 0.0, 0.0, 0.0, 0.0]
[19950307.0, 19950228.0, 0.0, 0.0, 0.0, 0.0]
[19950308.0, 19950301.0, 0.0, 0.0, 0.0, 0.0]
[19950309.0, 19950303.0, 0.0, 0.0, 0.0, 0.0]
[19950311.0, 19950304.0, 0.0, 0.0, 0.0, 0.0]
[19950312.0, 19950305.0, 0.0, 0.0, 0.0, 0.0]
[19950314.0, 19950306.0, 0.0, 0.0, 0.0, 0.0]
[19950315.0, 19950307.0, 0.0, 0.0, 0.0, 0.0]
[19950317.0, 19950308.0, 0.0, 0.0, 0.0, 0.0]
[19950318.0, 19950310.0, 0.0, 0.0, 0.0, 0.0]
[19950319.0, 19950312.0, 0.0, 0.0, 0.0, 0.0]
[19950321.0, 19950313.0, 0.0, 0.0, 0.0, 0.0]
[19950322.0, 19950314.0, 0.0, 0.0, 0.0, 0.0]
[19950324.0, 19950315.0, 0.0, 0.0, 0.0, 0.0]

5

[19950230, 19950315.0, 0.0, 0.0, 0.0, 1.0]
[19950230, 19950315.0, 0.0, 0.0, 1.0, 0.0]
[19950230, 19950315.0, 0.0, 1.0, 0.0, 0.0]
[19950230, 19950315.0, 1.0, 0.0, 0.0, 0.0]
[19950311, 19950304.0, 0.0, 0.0, 0.0, 0.0]
[19950309, 19950303.0, 0.0, 0.0, 0.0, 0.0]
[19950308, 19950301.0, 0.0, 0.0, 0.0, 0.0]
[19950307, 19950228.0, 0.0, 0.0, 0.0, 0.0]
[19950306, 19950227.0, 0.0, 0.0, 0.0, 0.0]
[19950305, 19950225.0, 0.0, 0.0, 0.0, 0.0]
[19950304, 19950224.0, 0.0, 0.0, 0.0, 0.0]
[19950302, 19950223.0, 0.0, 0.0, 0.0, 0.0]
[19950230, 19950221.0, 0.0, 0.0, 0.0, 0.0]
[19950312.0, 19950305.0, 0.0, 0.0, 0.0, 0.0]
[19950314.0, 19950306.0, 0.0, 0.0, 0.0, 0.0]
[19950315.0, 19950307.0, 0.0, 0.0, 0.0, 0.0]
[19950317.0, 19950308.0, 0.0, 0.0, 0.0, 0.0]
[19950318.0, 19950310.0, 0.0, 0.0, 0.0, 0.0]
[19950319.0, 19950312.0, 0.0, 0.0, 0.0, 0.0]
[19950321.0, 19950313.0, 0.0, 0.0, 0.0, 0.0]
[19950322.0, 19950314.0, 0.0, 0.0, 0.0, 0.0]
[19950324.0, 19950315.0, 0.0, 0.0, 0.0, 0.0]

6

[19950315, 19950315.0, 0.0, 0.0, 0.0, 1.0]
[19950315, 19950315.0, 0.0, 0.0, 1.0, 0.0]
[19950315, 19950315.0, 0.0, 1.0, 0.0, 0.0]
[19950315, 19950315.0, 1.0, 0.0, 0.0, 0.0]
[19950319, 19950312.0, 0.0, 0.0, 0.0, 0.0]
[19950318, 19950310.0, 0.0, 0.0, 0.0, 0.0]
[19950317, 19950308.0, 0.0, 0.0, 0.0, 0.0]
[19950315, 19950307.0, 0.0, 0.0, 0.0, 0.0]
[19950321.0, 19950313.0, 0.0, 0.0, 0.0, 0.0]
[19950322.0, 19950314.0, 0.0, 0.0, 0.0, 0.0]
[19950324.0, 19950315.0, 0.0, 0.0, 0.0, 0.0]

7



8



9



10


