selection file, result

1

[44.0, 21.0, 1.0, 0.0, 0.0]
[44.0, 21.0, 0.0, 1.0, 0.0]
[44.0, 23.0, 1.0, 1.0, 1.0]
[46.0, 22.0, 1.0, 1.0, 0.0]
[51.0, 21.0, 1.0, 1.0, 1.0]
[44.0, 22.0, 0.0, 1.0, 1.0]
[44.0, 21.0, 0.0, 0.0, 1.0]
[44.0, 22.0, 1.0, 0.0, 1.0]

2

[44.0, 21.0, 1.0, 0.0, 0.0]
[44.0, 21.0, 0.0, 1.0, 0.0]
[44.0, 22.0, 1.0, 1.0, 0.0]
[51.0, 21.0, 1.0, 1.0, 1.0]
[44.0, 23.0, 1.0, 1.0, 1.0]
[46.0, 22.0, 1.0, 1.0, 1.0]
[44.0, 22.0, 0.0, 1.0, 1.0]
[46.0, 21.0, 0.0, 1.0, 1.0]
[44.0, 21.0, 0.0, 0.0, 1.0]
[44.0, 22.0, 1.0, 0.0, 1.0]
[46.0, 21.0, 1.0, 0.0, 1.0]

3

[44.0, 21.0, 1.0, 0.0, 0.0]
[44.0, 21.0, 0.0, 1.0, 0.0]
[44.0, 22.0, 1.0, 1.0, 1.0]
[46.0, 21.0, 1.0, 1.0, 0.0]
[51.0, 21.0, 1.0, 1.0, 1.0]
[46.0, 21.0, 0.0, 1.0, 1.0]
[44.0, 21.0, 0.0, 0.0, 1.0]
[46.0, 21.0, 1.0, 0.0, 1.0]

4

[44.0, 21.0, 1.0, 0.0, 1.0]
[44.0, 21.0, 0.0, 1.0, 1.0]
[44.0, 22.0, 1.0, 1.0, 1.0]
[46.0, 21.0, 1.0, 1.0, 0.0]
[51.0, 21.0, 1.0, 1.0, 1.0]

5

[44.0, 21.0, 1.0, 0.0, 1.0]
[44.0, 21.0, 0.0, 1.0, 1.0]
[44.0, 22.0, 1.0, 1.0, 1.0]
[46.0, 21.0, 1.0, 1.0, 1.0]

6

[44.0, 21.0, 1.0, 0.0, 1.0]
[44.0, 21.0, 0.0, 1.0, 1.0]
[44.0, 22.0, 1.0, 1.0, 1.0]
[46.0, 21.0, 1.0, 1.0, 1.0]
