selection file, result

1

[0, 0, 0, 0, 0, 28.0, 20.0]
[0, 0, 0, 0, 1, 30.0, 20.0]
[0, 0, 0, 1, 0, 38.0, 20.0]
[0, 0, 1, 0.0, 0, 34.0, 20.0]
[0, 1, 0.0, 0.0, 0, 34.0, 20.0]
[1, 0, 0, 0, 0, 41.0, 19.0]
[1, 0, 0, 0, 0, 38.0, 18.0]
[1, 0, 0, 1, 0, 44.0, 19.0]
[1, 0, 1, 0.0, 1, 44.0, 19.0]
[1, 1, 0.0, 0.0, 1, 44.0, 19.0]
[1, 1, 1.0, 0.0, 0.0, 44.0, 19.0]
[1, 0, 0, 0, 0, 41.0, 38.0]

2

[0, 0, 0, 0, 0, 28.0, 20.0]
[0, 0, 0, 0, 1, 30.0, 20.0]
[1, 0, 0, 0, 0, 44.0, 18.0]
[0, 0, 0, 1, 0, 39.0, 20.0]
[0, 0, 1, 0.0, 0, 33.0, 20.0]
[0, 1, 0.0, 0.0, 0, 33.0, 20.0]
[1, 0.0, 0.0, 0.0, 0, 33.0, 20.0]
[1, 0, 0, 0, 0, 45.0, 39.0]

3

[0, 0, 0, 0, 0, 28.0, 20.0]
[0, 0, 0, 0, 1, 30.0, 20.0]
[1, 0, 0, 0, 0, 44.0, 18.0]
[0, 0, 0, 1, 0, 40.0, 20.0]
[0, 0, 1, 0.0, 0, 31.0, 20.0]
[0, 1, 0.0, 0.0, 0, 31.0, 20.0]
[1, 0.0, 0.0, 0.0, 0, 31.0, 20.0]

4

[0, 0, 0, 0, 0, 28.0, 20.0]
[0, 0, 0, 0, 1, 30.0, 20.0]
[1, 0, 0, 0, 0, 44.0, 18.0]
[0, 0, 0, 1, 0, 40.0, 20.0]
[0, 0, 1, 0.0, 0, 31.0, 20.0]
[0, 1, 0.0, 0.0, 0, 31.0, 20.0]
[1, 0.0, 0.0, 0.0, 0, 31.0, 20.0]

5

[0, 0, 0, 0, 0, 28.0, 20.0]
[0, 0, 0, 0, 1, 30.0, 20.0]
[1, 0, 0, 1, 0, 45.0, 19.0]
[1.0, 0, 1, 0.0, 0, 45.0, 18.0]
[1.0, 1, 0.0, 0.0, 0, 45.0, 18.0]
[0, 0, 0, 1, 0, 39.0, 20.0]
[0, 0, 1, 0.0, 0, 31.0, 20.0]
[0, 1, 0.0, 0.0, 0, 31.0, 20.0]
[1, 0.0, 0.0, 0.0, 0, 31.0, 20.0]

6

[0, 0, 0, 0, 0, 28.0, 20.0]
[0, 0, 0, 0, 1, 30.0, 20.0]
[0, 0, 0, 1, 0, 40.0, 20.0]
[0, 0, 1, 0.0, 0, 31.0, 20.0]
[0, 1, 0.0, 0.0, 0, 31.0, 20.0]
[1, 0.0, 0.0, 0.0, 0, 31.0, 20.0]

7

[0, 0, 0, 0, 0, 28.0, 20.0]
[0, 0, 0, 0, 1, 30.0, 20.0]
[0, 0, 0, 1, 0, 40.0, 20.0]
[0, 0, 1, 0.0, 0, 31.0, 20.0]
[0, 1, 0.0, 0.0, 0, 31.0, 20.0]
[1, 0.0, 0.0, 0.0, 0, 31.0, 20.0]

8

[0, 0, 0, 0, 0, 28.0, 20.0]
[0, 0, 0, 0, 1, 30.0, 20.0]
[0, 0, 0, 1, 0, 40.0, 20.0]
[0, 0, 1, 0.0, 0, 31.0, 20.0]
[0, 1, 0.0, 0.0, 0, 31.0, 20.0]
[1, 0.0, 0.0, 0.0, 0, 31.0, 20.0]
